query_key,view_pred,prob_A2C,prob_A3C,prob_A4C,prob_PSAX,prob_PLAX,prob_Other
1310s1_32.png,PSAX,0.16639214231353325,0.1673655139087621,0.16638318187261952,0.16757400241198286,0.166122499203126,0.16616266028997626
5493s1_5.png,A3C,0.1668972566288976,0.1674023456150195,0.16675078908036045,0.16732163841245695,0.16611918676413703,0.16550878349912843
5545s1_9.png,A3C,0.16701724302221946,0.1676665402368062,0.16642020364503904,0.16709750709643206,0.16634379208360878,0.16545471391589425
606s1_14.png,PSAX,0.16652237685111593,0.167074219379059,0.16666677863067642,0.16761519957476842,0.166652431903856,0.16546899366052417
5223s1_8.png,PSAX,0.16559521384339793,0.1676035291684063,0.16567820390239568,0.1684183857459166,0.16764044609442036,0.16506422124546305
3693s1_6.png,A3C,0.16751511827749196,0.16759737228247187,0.16705747772312923,0.16673909486193775,0.16580267241099636,0.16528826444397285
1040s1_45.png,A3C,0.16712024027206968,0.1676403721725432,0.16687855865389914,0.16669375866785302,0.16589341881263708,0.16577365142099787
5316s1_28.png,A3C,0.16708285552734253,0.1674871055438019,0.16702771465077498,0.16663017742747888,0.1664573273653296,0.16531481948527213
4531s1_22.png,PSAX,0.16544395400766482,0.16752640866804974,0.1664979345017913,0.1684390002411057,0.16645979330301755,0.16563290927837085
5629s1_5.png,A3C,0.16690000234974145,0.16730306953493573,0.16688143043845496,0.16703595255327724,0.1659193616985492,0.1659601834250414
809s1_12.png,PSAX,0.16625874603301669,0.16649721769869594,0.1659845479101626,0.16820960802452709,0.1660031313228655,0.16704674901073227
700s1_7.png,PSAX,0.16680983567206245,0.16714099539220098,0.16624324928544082,0.16749894038779692,0.16631358245398478,0.16599339680851405
4385s1_76.png,PSAX,0.16606463449133474,0.16715914346044053,0.16607767343816882,0.16783851640456923,0.16644375034546702,0.16641628186001972
5160s1_48.png,A2C,0.1689330651940503,0.16766970096366138,0.1673100323004426,0.1667579998049048,0.16514354704455383,0.16418565469238708
2606s1_2.png,A3C,0.1667366103762213,0.16758202908955486,0.1668111342841244,0.1672159253912588,0.16630978936186475,0.16534451149697585
1040s1_28.png,PSAX,0.16604645790725714,0.16649775616137466,0.16549337875867534,0.1685933494915463,0.1676905111736793,0.1656785465074673
9s1_59.png,PSAX,0.16576683857232563,0.16694553837732837,0.16585456085809372,0.16863994934069135,0.16723933315787143,0.16555377969368945
5493s1_25.png,A3C,0.1668704648074534,0.16730842258946052,0.16680654004245707,0.16726614512937488,0.1663840250392233,0.1653644023920309
5223s1_30.png,PSAX,0.16646743018510834,0.16730728815713847,0.166155111208438,0.16778125816607953,0.1666586222402504,0.16563029004298538
4135s1_24.png,PSAX,0.1654976741329107,0.16647678497296695,0.1648893236476083,0.1683842546277683,0.1681875090501137,0.1665644535686321
809s1_9.png,PSAX,0.16651729499684834,0.16687010478681819,0.16651732725376514,0.1675819314604658,0.16585444299339944,0.16665889850870308
1071s1_4.png,PSAX,0.1667447141277087,0.16733585346926225,0.16681858540761366,0.1675202394834892,0.166341943646087,0.1652386638658391
3940s1_1.png,PSAX,0.16689648845820335,0.16712075311882169,0.16682576957134512,0.1677097368469845,0.1662302642746119,0.16521698773003332
1111s1_52.png,A2C,0.16726841512412732,0.1670494011468823,0.16645419388532717,0.16718440429869547,0.16636958300704813,0.16567400253791956
5316s1_44.png,PSAX,0.16678595727423298,0.1673506077983165,0.16632871506359959,0.16739398666328192,0.16565513502827733,0.16648559817229153
5547s1_34.png,PSAX,0.16678829133704168,0.1669102741200297,0.16606398305655318,0.1676155008379348,0.16598110892009663,0.16664084172834398
799s1_60.png,A2C,0.16758665469382417,0.16732910061817924,0.1661963937597855,0.16624485639994097,0.16570812368793786,0.16693487084033218
715s1_31.png,PSAX,0.16642236694232032,0.16737534784224595,0.16638794967682907,0.16813254434381186,0.16608956211651993,0.16559222907827284
5873s1_1.png,PSAX,0.16665680186606024,0.1669601069916969,0.16623804740590642,0.16789348421886524,0.16645177359250624,0.16579978592496494
1873s1_49.png,PSAX,0.16679239141155106,0.16678267874994332,0.16598235469185948,0.16847203761708632,0.1663184366402828,0.16565210088927704
5223s1_21.png,PSAX,0.16593053963250753,0.16689571219957539,0.16625229605538439,0.16838644674561,0.16700934433298037,0.16552566103394242
4117s1_14.png,PSAX,0.166468022775076,0.16717089763686002,0.16663915816816702,0.167969869055343,0.16607314160612527,0.16567891075842878
4135s1_3.png,PSAX,0.16614200510730656,0.1672739200355508,0.16659415138823147,0.16807089439288334,0.16590197054816147,0.1660170585278664
2013s1_13.png,PSAX,0.1651572149161083,0.1669663732751966,0.16578591318703298,0.16854512970046764,0.16814267554546983,0.1654026933757248
397s1_52.png,A3C,0.16720155379177587,0.16740459946852426,0.1667931861320093,0.16691943814863755,0.16577046819106822,0.16591075426798488
3876s1_42.png,PSAX,0.1667706962642579,0.1671879150000954,0.16688089612215343,0.1677824656696339,0.1661306906195913,0.1652473363242682
2453s1_20.png,PSAX,0.16671771460328128,0.16729528608504016,0.16642496760302017,0.16783720467275184,0.16649337551747764,0.165231451518429
4853s1_16.png,PSAX,0.16688251664720036,0.16707258961407184,0.16619754035577003,0.1675760092792316,0.1662195928982639,0.16605175120546223
3132s1_40.png,PSAX,0.1662573221053347,0.16700117626232105,0.16524860097228763,0.16778293716499393,0.16754298099234802,0.16616698250271467
3375s1_39.png,PSAX,0.1668142017770567,0.16719243033940437,0.16553795367440402,0.16795752623761434,0.16680271066475288,0.16569517730676758
218s1_9.png,A3C,0.1671169694128235,0.1673528366292174,0.1668247220201251,0.16724531567779533,0.1659886888847091,0.16547146737532947
5992s1_7.png,PSAX,0.16648519378574614,0.16720995388027718,0.16609747411067802,0.16810896490999533,0.1660202459083427,0.16607816740496067
5406s1_14.png,A3C,0.16662931856079832,0.16758347453467085,0.16645026851837064,0.1672180080552153,0.1662484298991547,0.1658705004317901
1111s1_38.png,PSAX,0.16712385939898802,0.16686881183776622,0.16621937648486862,0.16763490976123618,0.1661393510146935,0.1660136915024474
1729s1_1.png,A3C,0.1669545002989828,0.1675626896903977,0.16630334122872475,0.16724964418005728,0.16615744688977108,0.16577237771206654
1641s1_61.png,PSAX,0.16626989173696155,0.16683960940314932,0.16611616245293814,0.16848783009734505,0.16600299209033786,0.16628351421926824
2520s1_5.png,PSAX,0.1664733206697441,0.16740805264152334,0.16604256656334043,0.1681890290149171,0.16635711322537874,0.16552991788509622
1310s1_16.png,PSAX,0.16644395832479483,0.16763101233214747,0.16642289276906275,0.16806564933092275,0.1670524112288576,0.16438407601421462
5370s1_0.png,A3C,0.1673446515669039,0.16745676279415267,0.16648734583472555,0.16683635558652893,0.16596816491611244,0.1659067193015765
606s1_1.png,PSAX,0.16658308747392478,0.16743695154655797,0.16575421523231135,0.16792565640180093,0.16666737976555887,0.1656327095798461
2453s1_6.png,A3C,0.1667532582987397,0.16776623685937042,0.16665498293188533,0.16689636065245267,0.1666143751289075,0.16531478612864448
3153s1_59.png,A3C,0.16729932930890168,0.1679520881808173,0.1672649151222577,0.16653162337381158,0.1658851787211596,0.16506686529305206
5406s1_31.png,PSAX,0.16634665504700807,0.16710856782884298,0.16549095534584998,0.16835376528272,0.16749055110698538,0.1652095053885936
5223s1_15.png,A3C,0.16668304228570366,0.16745235701570807,0.16692348062630571,0.16730709260889842,0.1664584770088167,0.16517555045456747
5207s1_46.png,PSAX,0.16607854309693226,0.1672872489363934,0.1664406288178689,0.16842501877764207,0.16685285968679858,0.16491570068436484
2968s1_8.png,A3C,0.1673583966582103,0.1678690185502458,0.16729956996338516,0.16640715627919003,0.16568116277002,0.16538469577894863
4296s1_1.png,PSAX,0.16664910668024452,0.16733565483787627,0.16673822508943362,0.16813392548315337,0.16606225420505413,0.16508083370423815
3709s1_30.png,PSAX,0.16670695188674423,0.16706064396674042,0.16637700171380065,0.16754919671629523,0.16636119749739806,0.16594500821902147
1040s1_16.png,A3C,0.1670450365025017,0.16757465510541675,0.16657612981785505,0.1675706298979613,0.16596664425042545,0.16526690442583974
1607s1_7.png,PSAX,0.1666548327690117,0.1671298582317732,0.16586583373363467,0.1680011166704803,0.1663272114013068,0.16602114719379343
3132s1_24.png,PSAX,0.16667077918044945,0.16723522667122487,0.16641902687272625,0.1680345330849094,0.16569037925072122,0.16595005493996884
6020s1_8.png,PSAX,0.16645706761556156,0.16747663688694261,0.16673235439561845,0.1677363051374075,0.16606784206145805,0.16552979390301184
4531s1_1.png,PSAX,0.1650606512081359,0.16736414516361564,0.1655625010220992,0.16913572706909166,0.16688653646168208,0.16599043907537542
3153s1_38.png,PSAX,0.16638336147150037,0.16697893998239635,0.16684648451385647,0.16811394656759776,0.16639172437840588,0.16528554308624321
5992s1_14.png,PSAX,0.16659364330259405,0.16734400681939038,0.1666027838927598,0.16817333344215976,0.16577092598237086,0.16551530656072527
2968s1_11.png,A3C,0.16683287102328415,0.16754204976702142,0.16642475160159345,0.16746517302030184,0.16669546656017925,0.1650396880276199
1310s1_20.png,A2C,0.1672972122382718,0.16714760658306432,0.16642706229261633,0.16712131689092383,0.16611262099729718,0.1658941809978264
715s1_71.png,A3C,0.1669573814244803,0.16719323267521338,0.16655343459427233,0.1671558762149993,0.16598838197484223,0.16615169311619263
9s1_60.png,PSAX,0.1670004144717107,0.16704131549011236,0.16624831411776003,0.16769536908892563,0.1664798866146254,0.16553470021686592
1099s1_16.png,A3C,0.16677250370143773,0.1676153119974776,0.16594434324654778,0.16716640732894636,0.16728732553343295,0.16521410819215768
5160s1_6.png,A3C,0.16727508705581418,0.16784627560379728,0.1669457662261409,0.16670027300557153,0.16607595196362943,0.16515664614504674
6020s1_16.png,PSAX,0.16544252765894152,0.166844630493257,0.1661034611411801,0.1686417227923925,0.1672669393063521,0.16570071860787686
9s1_39.png,PSAX,0.16710323629217466,0.1667489869036106,0.16569534055565377,0.16774591375860204,0.16616895336250387,0.16653756912745507
3153s1_61.png,A3C,0.16702780042790738,0.16730803742424458,0.16638338663340838,0.16691192969474006,0.16675076854232357,0.16561807727737607
218s1_75.png,PSAX,0.16656681652191324,0.16747651163469887,0.16628546212643922,0.16756675667254453,0.16599803779935698,0.16610641524504716
9s1_27.png,PSAX,0.16674607761831337,0.16725174585511363,0.16614535061342323,0.16783107738591438,0.16628439785605503,0.16574135067118048
5256s1_11.png,PSAX,0.16678988764854671,0.16744732574408566,0.1664666095710678,0.16792855121743808,0.16566768864634254,0.1656999371725192
5316s1_9.png,PSAX,0.16641087731065424,0.16744034816822925,0.16628052264441445,0.16749857791879227,0.16681682493767425,0.1655528490202355
1310s1_47.png,A3C,0.1669117964331137,0.167639555250304,0.16710799093976628,0.16710535643144328,0.16640514252636893,0.16483015841900373
1040s1_55.png,PSAX,0.16618244908652774,0.1673830564941834,0.16718246337068413,0.1678903511953727,0.16662584366153918,0.16473583619169285
5854s1_6.png,PSAX,0.1663641442372933,0.16706863433325578,0.16617036814879557,0.16715800200038605,0.1669926491642324,0.166246202116037
1351s1_2.png,PSAX,0.16684178006546618,0.16693460837430515,0.16622281409635628,0.16774134360960868,0.1660757456125639,0.16618370824169973
2542s1_4.png,A3C,0.16685673211157287,0.16796019832801698,0.16716353216857002,0.1664395734792723,0.16543994006871585,0.16614002384385204
3982s1_1.png,A3C,0.16702661360868482,0.16753081341392426,0.16671046818043259,0.16697946823323584,0.16581722863467085,0.16593540792905173
4109s1_5.png,A3C,0.16658358386282943,0.16755655231819547,0.1668691376425476,0.1674152837617395,0.16653498773709516,0.16504045467759285
2453s1_66.png,A2C,0.1684512124331504,0.16754657620283162,0.16680198786546013,0.165361067393383,0.16603505492194776,0.16580410118322703
3876s1_33.png,PSAX,0.16665230853549398,0.16696033243200042,0.16605316643272433,0.16814135753992793,0.1663806471642433,0.16581218789561006
5115s1_8.png,PSAX,0.16684260578791202,0.1672614649576565,0.1666600136340879,0.16802708959067422,0.16588921716941082,0.16531960886025857
5670s2_6.png,PSAX,0.166096413596833,0.1668471529932568,0.16584313419121896,0.1683142800722368,0.16687853199359365,0.1660204871528608
4853s1_4.png,PSAX,0.16577698281012468,0.1671737167702429,0.1658993285091394,0.16868478261299316,0.16694548776887685,0.165519701528623
715s1_69.png,PSAX,0.16663666205400202,0.16709915552082216,0.16643775705043554,0.16765514037754156,0.16615910650315177,0.166012178494047
2453s1_57.png,A3C,0.16722903958859722,0.16773132104976005,0.16677069201511116,0.16663410850412938,0.16575914266979103,0.1658756961726111
2453s1_36.png,PSAX,0.16683811056566183,0.16729604014611138,0.16641001304475986,0.16735788559680795,0.16579559128237817,0.1663023593642808
5223s1_53.png,PSAX,0.16646426433829142,0.16733282596303697,0.1661006248113626,0.16751137262516902,0.16668767994927747,0.16590323231286244
4117s1_15.png,PSAX,0.16590209929593938,0.16679736684326535,0.16666147423434913,0.168427377566914,0.16653765572476384,0.1656740263347683
5223s1_39.png,PSAX,0.1672882187267395,0.16733650353268567,0.1661560857215623,0.16737500274056274,0.16595852839479117,0.16588566088365864
218s1_8.png,A2C,0.16724768109158203,0.16715067353405233,0.16677823042179654,0.16708604138954902,0.1656859489165542,0.16605142464646588
5160s1_50.png,A3C,0.16620340776887577,0.16782675380432924,0.1665553589220491,0.16777290492537655,0.16640050777144524,0.16524106680792408
2408s1_31.png,PSAX,0.1660788114252806,0.16664491684107058,0.1656728871999119,0.16795646153522117,0.16764283025312385,0.1660040927453919
397s1_49.png,A3C,0.1667107480186066,0.16756692690596142,0.16672625004577862,0.16710346245582994,0.1662975251586967,0.16559508741512677
1310s1_55.png,PSAX,0.16618898795637843,0.16725463073517252,0.16610327184022197,0.1677664209729242,0.16694691219439486,0.165739776300908
3876s1_11.png,PSAX,0.16684205113542563,0.16693308112524546,0.1662455959063639,0.16763430003188878,0.1658951398071891,0.1664498319938871
5714s1_45.png,PSAX,0.16662575661923848,0.1667237141416444,0.16624427908546147,0.16816796309287677,0.16627811657423378,0.16596017048654507
4838s1_7.png,A2C,0.16728583894232604,0.16701594713588927,0.16585644653386786,0.16725821154688097,0.16595442163991664,0.16662913420111924
2671s1_0.png,PSAX,0.16677803687195789,0.16716410692542427,0.1666287489948905,0.16750858713469136,0.16629009481898133,0.1656304252540547
3153s1_42.png,A3C,0.16697004704390503,0.1676785945732556,0.16688683512984187,0.16721387940940324,0.16603749101749146,0.16521315282610288
9s1_9.png,PSAX,0.16668634939372937,0.16700233709990608,0.1660945617208089,0.1681870827466055,0.16611108813021308,0.16591858090873715
5269s1_37.png,PLAX,0.16564899440490338,0.1667903695293008,0.16511154057207905,0.16801540174934204,0.1682391167216709,0.1661945770227038
9s1_16.png,PSAX,0.16720692520916314,0.16705709659286544,0.16592656975299447,0.16763543165432626,0.1662225194733533,0.16595145731729746
1767s1_5.png,PSAX,0.16668878292186046,0.16723426399840038,0.1661546996687726,0.16779155849542313,0.16570217075732116,0.1664285241582221
1099s1_50.png,A3C,0.1667904766111776,0.16787543257350857,0.1662750827212209,0.16683180103545567,0.16673171537814313,0.1654954916804943
5639s1_10.png,PSAX,0.16653961235085638,0.16715815387010322,0.1663872452676624,0.16755697567884123,0.16618558212512424,0.16617243070741264
397s1_40.png,A3C,0.16547070707208925,0.16893360509805216,0.1670831968700083,0.16760900773906554,0.1674537683563767,0.16344971486440807
1873s1_24.png,PSAX,0.16707707601634733,0.1673453060862085,0.16641968057081977,0.16749780671849693,0.1663986726374666,0.16526145797066075
382s1_41.png,PSAX,0.16681655053309016,0.16712950016083497,0.16635774948520615,0.16783053629146544,0.16618423853254352,0.16568142499685978
1099s1_22.png,PSAX,0.16609369355802597,0.1667908596333705,0.16594858650706043,0.16885795201956624,0.16691354319802934,0.16539536508394748
582s1_12.png,PSAX,0.1662330963161957,0.1673215547247563,0.16711195094712739,0.16753913549534036,0.1664958405529473,0.1652984219636329
5370s1_5.png,PSAX,0.16700172474275668,0.1670495435150518,0.16613629779039166,0.16762911384732726,0.16654743490908075,0.16563588519539196
1786s1_1.png,PSAX,0.1665611517201066,0.16728841368976868,0.16627578057842965,0.16777453995755137,0.16662561558784167,0.1654744984663021
4385s1_33.png,PSAX,0.16603279395850168,0.16668636108075116,0.16573367266050434,0.1679945094852367,0.16673280008587682,0.1668198627291293
1071s1_32.png,A3C,0.16722031887194547,0.16734096437569956,0.1659729958260438,0.1664816656162451,0.16670962322037178,0.16627443208969436
4416s1_1.png,PSAX,0.166234332080646,0.1674964475165136,0.16644212327239372,0.16774141853535202,0.1660110565621676,0.1660746220329271
620s1_4.png,A3C,0.1668771229709234,0.16751779003598782,0.16650486014714913,0.1671761282608391,0.16572894313390685,0.16619515545119354
1873s1_67.png,PSAX,0.16643854714765,0.16733183232402019,0.16584562266189556,0.16859154790482575,0.16663082337288812,0.16516162658872027
917s1_2.png,PSAX,0.1666879511160388,0.16688226114433488,0.16601602833639953,0.16823123961259123,0.16642447964637724,0.16575804014425827
218s1_33.png,PSAX,0.16698201503837784,0.1670917968029349,0.16605876271608622,0.1675905419044593,0.16626263548984876,0.16601424804829298
4385s1_29.png,PSAX,0.1652420476106934,0.16753997156415373,0.16578549937710632,0.1684479255536958,0.16727737428401918,0.16570718161033163
5223s1_44.png,PSAX,0.16668322542928093,0.1672242851869608,0.1657944996914763,0.1686090214200823,0.1669067782254295,0.16478219004677025
5256s1_51.png,A3C,0.16692689379731557,0.1672117354252441,0.16674917386811508,0.1669723498412599,0.16603820737878533,0.16610163968928002
4137s1_4.png,PSAX,0.16731545158948427,0.1669153342510986,0.16658987675887826,0.16770568700665697,0.16583123824504578,0.165642412148836
2408s1_29.png,PSAX,0.16676990751602355,0.16683649073279228,0.16635827078258789,0.16807033151431777,0.16620285245412095,0.16576214700015762
1099s1_67.png,PSAX,0.16620332386971687,0.16725145744223735,0.16604601148074247,0.16769114729837467,0.1671264086720086,0.1656816512369199
3483s1_1.png,PSAX,0.16668528587931272,0.16701498383819902,0.16605844008114926,0.1678978045900431,0.16646102267633517,0.16588246293496078
5545s1_4.png,A2C,0.1673589095210683,0.16698518875257734,0.16594184191444805,0.1671474108464944,0.16579008843393417,0.1667765605314776
620s1_13.png,PSAX,0.16635733481142886,0.16707005366482017,0.16568443879354888,0.16827582244115738,0.16606269905576018,0.16654965123328466
2521s1_5.png,PSAX,0.16652537389777133,0.16729353713150547,0.16599251173957105,0.1678140183399918,0.16609133445626448,0.16628322443489593
2453s1_8.png,A3C,0.1672521345259815,0.1679515027103285,0.16666049374981876,0.16696058123645446,0.16606820891434348,0.16510707886307327
4838s1_8.png,PSAX,0.1666256794003364,0.1670058421604277,0.16596399848604226,0.16784782875120982,0.16615007408053956,0.16640657712144413
4531s1_15.png,PSAX,0.16525212669880235,0.16748216476805167,0.16616264895269378,0.16897973146871267,0.1669556024390991,0.1651677256726404
5316s1_45.png,A3C,0.1663908206004392,0.16752496240739861,0.1662470840043866,0.16722253737093395,0.16658128176237083,0.16603331385447087
1044s1_20.png,PSAX,0.16692743115587777,0.16716824693457716,0.16620819017045382,0.16739448812330252,0.16604074101799585,0.16626090259779297
5316s1_61.png,PLAX,0.16609371519297392,0.16705708366990818,0.16549562201723994,0.16756482614925428,0.1678039634453969,0.16598478952522683
799s1_29.png,PSAX,0.16721255477071786,0.1670541502273687,0.16643436662585506,0.1672743942846403,0.16577969766316394,0.1662448364282542
4385s1_63.png,A3C,0.1660469129159611,0.16754881233486293,0.16646552325907654,0.16736432254732234,0.16656792371760726,0.16600650522516985
1040s1_0.png,A3C,0.16751106908520041,0.16753499849934164,0.1669836370572552,0.1663475139064551,0.165867477481059,0.1657553039706886
3876s1_6.png,PSAX,0.16661958245276742,0.16698341009469136,0.16646316344431436,0.16841809043026376,0.1663627733913831,0.1651529801865801
5714s1_16.png,A3C,0.16689613442925294,0.1674994861680193,0.16681391635046158,0.16708349662079164,0.1666030244821594,0.1651039419493151
1040s1_60.png,PSAX,0.1670035902260451,0.16712610900695277,0.16653581980895507,0.16757088024586572,0.16618984334457526,0.16557375736760618
4135s1_41.png,PSAX,0.16686608011036927,0.16689238187614736,0.1660865914561106,0.1678023297642715,0.1662917522286415,0.16606086456445973
4109s1_13.png,PSAX,0.16624702678021344,0.1672640807545544,0.166183662764488,0.16801932425144842,0.16704508738753804,0.16524081806175764
4385s1_60.png,A3C,0.16613557420638483,0.16748240761831087,0.16644823594086247,0.1672721187850316,0.1665995516648984,0.16606211178451186
3876s1_3.png,PSAX,0.16686645011306203,0.16730356219545717,0.16654077276692095,0.1675638959347659,0.16587855400862242,0.16584676498117154
1704s1_9.png,PSAX,0.16614377056812668,0.16689905878027675,0.16604551295068964,0.16835078453171118,0.16712761281042354,0.16543326035877207
5547s1_45.png,A3C,0.16714911321487788,0.16773527500960483,0.16667777590699967,0.16673653800669763,0.16618801480941245,0.16551328305240756
799s1_7.png,PSAX,0.16604658121099475,0.16728142748194527,0.16632706546849266,0.16876164233421292,0.1662412682266629,0.1653420152776914
5269s1_33.png,A3C,0.16738925191489396,0.16785604025304235,0.16713704198483006,0.1663569420061599,0.16558448763099,0.16567623621008376
1573s1_11.png,PSAX,0.16626771741082086,0.16744146286115622,0.16630573777631358,0.16776965403097657,0.16620028634929776,0.166015141571435
3153s1_17.png,PSAX,0.1665530652309883,0.1673548991997277,0.16646531333041986,0.1676771788558389,0.16592962188283938,0.1660199215001858
799s1_17.png,PSAX,0.16699657756260175,0.16727308061736768,0.16610525784845234,0.1674663932956904,0.16589539538029174,0.16626329529559603
1111s1_6.png,PSAX,0.1669436339166176,0.1671178705080399,0.16610477968218051,0.16778710702532368,0.16630145296118598,0.16574515590665242
5992s1_22.png,PSAX,0.16670422072620672,0.16756030616700224,0.16684800200227556,0.16756040604075728,0.1660827259747159,0.16524433908904224
813s1_0.png,A3C,0.16666999282059958,0.16752070021699275,0.1662119713209975,0.16709703859426805,0.16663993928856946,0.16586035775857266
5316s1_67.png,PSAX,0.16671776947092373,0.1670271538259233,0.16652961883291745,0.16748243273657334,0.1660397363832093,0.16620328875045282
4135s1_44.png,PSAX,0.16709936866923217,0.1669986695899685,0.16661867957418566,0.1675684098771723,0.16598575475798905,0.16572911753145228
1532s1_2.png,PSAX,0.16726738992903753,0.16704168890787857,0.16624605984715218,0.16758665169611492,0.16600232278745125,0.16585588683236566
5547s1_57.png,PSAX,0.16593669399930486,0.16657966566234964,0.16568545056490339,0.16941503155382603,0.16611734512420412,0.16626581309541205
4137s1_34.png,PSAX,0.16602060933166862,0.16663022355353996,0.16684497604448906,0.16856924203360557,0.16677957985235065,0.16515536918434612
2993s1_5.png,PSAX,0.16623223827452469,0.1674300767538074,0.16593217165873456,0.16776064542457378,0.1669463068425146,0.165698561045845
5714s1_39.png,A2C,0.1674248990991221,0.1670517777505926,0.16671445738496363,0.16687357425040233,0.1659929110555872,0.1659423804593321
582s1_15.png,PSAX,0.16656229361106226,0.16713066716961428,0.16644249719619728,0.16732903136976768,0.16550085975021558,0.1670346509031429
1641s1_0.png,A3C,0.16720956105164392,0.1674060656494917,0.16692883729204386,0.16688939623160076,0.16587171628628647,0.16569442348893332
5256s1_38.png,PSAX,0.1664782893180484,0.16758822271027513,0.16637283012430723,0.1683553681350462,0.16607710773201598,0.16512818198030724
2520s1_6.png,PSAX,0.16626723172546629,0.1672538487135773,0.16599559700307287,0.16858579801000256,0.1666129050277546,0.1652846195201263
715s1_51.png,A3C,0.1668513772666038,0.1673746453958135,0.16630886989662805,0.1673204753383065,0.16634425733317199,0.1658003747694762
2542s1_7.png,PSAX,0.16674998613600103,0.16726651308279247,0.1664138579075252,0.16760058236066616,0.16627887984153253,0.16569018067148267
5493s1_41.png,PLAX,0.16470908845843704,0.16782731820365873,0.16602834004206418,0.16733916883965608,0.16895573697855612,0.16514034747762785
5992s1_25.png,PSAX,0.166204418300963,0.1669400727598152,0.16674369275854414,0.16792990159978638,0.16622501035171117,0.16595690422918008
4296s1_4.png,PSAX,0.16640116233054209,0.16733488322233664,0.166682737328001,0.16745671929090183,0.16682871006213834,0.1652957877660801
3709s1_56.png,PSAX,0.16662849505068866,0.16720188560377847,0.16632877394101736,0.16741975482431584,0.1665719999534676,0.16584909062673212
5714s1_36.png,A3C,0.16700007309740775,0.16722346277298455,0.16659972190398303,0.16700458728836398,0.16640109903234993,0.16577105590491073
1607s1_3.png,A3C,0.1666908054001459,0.16755363542357515,0.1669348045957205,0.1672384237815139,0.16630326110589186,0.16527906969315276
5714s1_4.png,A3C,0.16713395993581115,0.16749803219907472,0.16658033889141194,0.16695474827147933,0.16639855942176213,0.16543436128046093
1974s1_3.png,PSAX,0.16614730793121896,0.16751629881370808,0.16693632998080016,0.16793129894166944,0.16587685535958865,0.16559190897301462
5207s1_38.png,A3C,0.16712227783855477,0.16743116289579335,0.1667484394453307,0.16726316954476342,0.16580581483004408,0.16562913544551372
2013s1_46.png,PSAX,0.16691191584846923,0.1667921711933497,0.16604545240999513,0.1672937761777006,0.16613963498308215,0.16681704938740316
397s1_60.png,PSAX,0.16577903089578744,0.16750073192450265,0.16567694754545972,0.1678986547866917,0.16731119654801413,0.1658334382995443
799s1_43.png,PSAX,0.16653645324366012,0.1674418506289843,0.16680616674936197,0.16754366079046376,0.16634395872151747,0.16532790986601245
382s1_48.png,PSAX,0.16630082875954674,0.16728578052070625,0.16588504016656522,0.16820913972946394,0.16633564936462042,0.16598356145909757
1820s1_1.png,PSAX,0.16646381974408803,0.16725470876018392,0.16589622580403862,0.16759284503548028,0.1664186459709683,0.16637375468524088
2408s1_23.png,PSAX,0.16657686812905265,0.16676370044025016,0.1659605517531337,0.16727721637544404,0.16644985829585282,0.1669718050062667
5547s1_41.png,PSAX,0.1668993714820807,0.16707689796146688,0.1663878559790447,0.16747757478569103,0.16601143765789655,0.16614686213382018
2601s1_2.png,PSAX,0.16704627312296774,0.16716053085209376,0.16633302120575258,0.1676043122770582,0.16623340073986,0.16562246180226772
1873s1_10.png,A3C,0.16720599398431968,0.16761641886545836,0.16654869683789633,0.16738727618895471,0.16612152759205548,0.16512008653131546
6164s1_3.png,PSAX,0.16666339407533864,0.16715779170657488,0.16620166586472682,0.16744270297323713,0.16636581404679548,0.16616863133332704
3483s1_0.png,A3C,0.16709022744017504,0.16731954440310678,0.16675163921464448,0.16719789783045105,0.16601807184265427,0.16562261926896843
4737s1_27.png,PSAX,0.16538480536886196,0.16687745843794394,0.1651254310181649,0.1687949241229459,0.1684613133180324,0.165356067734051
4671s1_11.png,A3C,0.16668439764031173,0.16767369743702767,0.16593761983871405,0.16645231743976643,0.16668946465112436,0.16656250299305583
5316s1_71.png,PSAX,0.1661538675020897,0.16744170796937838,0.16598765288968134,0.16773867044731716,0.16686740298490277,0.1658106982066305
1071s1_23.png,PSAX,0.16635601601427516,0.1669009900883396,0.16597814865823662,0.167596135325617,0.16755997471045148,0.16560873520308003
430s1_0.png,PSAX,0.16705348058086097,0.16683369146951474,0.16686046552106865,0.16768172626242941,0.16590559041679734,0.16566504574932894
2013s1_53.png,A2C,0.16721891344230375,0.16700461036218628,0.1664133417921285,0.16682103052934663,0.16619362718934239,0.16634847668469244
5992s1_17.png,A3C,0.16705250749894884,0.16748038861282422,0.1667462093739241,0.16701617797239093,0.1658471288039516,0.16585758773796025
4067s1_1.png,PSAX,0.16692457461531154,0.1669468181596947,0.16616097272341823,0.16779582804450557,0.16598581690909708,0.16618598954797278
799s1_4.png,A3C,0.1671128681452297,0.1676803694557473,0.16706750330094963,0.1670331019560816,0.16604575079492245,0.16506040634706956
1071s1_49.png,A3C,0.16714302248504972,0.16731726771751476,0.16686327074703855,0.16670920647623863,0.16605586897913077,0.16591136359502756
4737s1_19.png,PSAX,0.16590913811788746,0.1673289558974138,0.16599107350416134,0.16784918463343065,0.16776115731853572,0.1651604905285712
3375s1_4.png,PSAX,0.16722431981554098,0.16712706182683548,0.16603470260964845,0.16790094781562537,0.1659758267618414,0.16573714117050836
1619s1_8.png,PSAX,0.1662375760942292,0.16708779681848349,0.16608832899004605,0.16852356486992792,0.1667840509640642,0.1652786822632491
382s1_54.png,A3C,0.1669650192210713,0.16776207672393703,0.16635243503852895,0.16693181555188813,0.16653039964784838,0.16545825381672621
5547s1_20.png,PSAX,0.16671829423922976,0.16726342823892068,0.166360611903508,0.16777955553118917,0.16606290684720165,0.16581520323995064
2542s1_10.png,A3C,0.1668364374115024,0.16779187440441426,0.1670872227066839,0.16686899549973128,0.16530509200981047,0.16611037796785771
6020s1_25.png,A2C,0.16746384256678185,0.16731930619724214,0.16721338151874188,0.1664818488049122,0.16571061947743224,0.16581100143488967
1873s1_3.png,PSAX,0.1671031585237841,0.16686618859507876,0.166564674827367,0.1675704449854864,0.16602294626936873,0.165872586798915
2747s1_4.png,A3C,0.16659042826938456,0.1675309827740397,0.1663623212983668,0.1675223803792117,0.16613522973810246,0.16585865754089477
1792s1_2.png,A2C,0.16753146474016853,0.16707407330058868,0.16623750644419336,0.16687285830879608,0.16589481948878085,0.16638927771747247
1099s1_30.png,A3C,0.16714842240617428,0.16788865549589402,0.16674177467868043,0.1667316202394352,0.16660869799057518,0.1648808291892409
3876s1_8.png,PSAX,0.16599549641236214,0.16684605029299376,0.16611200323461586,0.16835658029620895,0.16666846362192952,0.1660214061418898
218s1_7.png,A3C,0.167344091017895,0.1676997446131356,0.16725846701443006,0.1664148492333574,0.16580846402708524,0.1654743840940968
5223s1_20.png,A3C,0.1668753835934829,0.16731542860972068,0.16646627461884986,0.1672072365394068,0.16655028692260887,0.16558538971593081
3876s1_32.png,PSAX,0.16686280522108415,0.16723942445378576,0.16640761625280104,0.16760972053668793,0.16628148871467044,0.1655989448209708
1040s1_26.png,PSAX,0.1663403535425605,0.1667699989735132,0.16588721023125755,0.16858676261025854,0.1674168306867022,0.16499884395570807
5234s1_10.png,PSAX,0.1668066315331378,0.16699384596661443,0.1668654340877931,0.16800253804855253,0.16582686813758152,0.16550468222632062
5992s1_9.png,A3C,0.16723029469814527,0.16743094521184668,0.16671857982560823,0.16689570261164216,0.1659874581387261,0.16573701951403155
2601s1_3.png,PSAX,0.16644818795370261,0.16681053770011256,0.1660135778673522,0.16777131125344713,0.16637166437805417,0.16658472084733136
2601s1_8.png,A3C,0.16667485260940101,0.16751896218955786,0.16618288873484752,0.1673483222047528,0.16668330964826733,0.1655916646131734
1099s1_87.png,PSAX,0.16641840531503754,0.1674364777965416,0.16626116187331264,0.168077466484782,0.16680261881609254,0.16500386971423375
2521s1_8.png,PSAX,0.1667595186900672,0.16686357943625285,0.16635372043287133,0.16783377409144817,0.16586630797885918,0.16632309937050135
5269s1_14.png,A3C,0.16739195706429572,0.16785184202320355,0.16683616629313802,0.1664766235731195,0.1656370307018315,0.1658063803444118
382s1_5.png,A2C,0.1676425358190518,0.16720736851960205,0.16659310824027548,0.1667876009777151,0.16565918424509912,0.16611020219825637
1351s1_4.png,A3C,0.16695865859347309,0.1673082973597612,0.16644784435888843,0.16710262446017407,0.1656584774665369,0.16652409776116647
1641s1_62.png,PSAX,0.16666541168545296,0.16723739168313573,0.16647933200045517,0.1677247742824843,0.16574624630495402,0.16614684404351773
4137s1_42.png,A3C,0.1673652458474487,0.1678456926934212,0.16701814605007037,0.16626008174919146,0.16533696774220163,0.1661738659176666
1532s1_12.png,A3C,0.1672489445764918,0.16773233925115227,0.16700325687571668,0.1669272069197052,0.16591014933283718,0.1651781030440969
620s1_2.png,A3C,0.16685818257153978,0.16771293439784601,0.166615189161187,0.16665216900594204,0.16615346575282214,0.16600805911066296
9s1_58.png,PSAX,0.16562527861630513,0.16678155268342756,0.16566706481054122,0.1692529709656687,0.16735180160183685,0.16532133132222054
5234s1_16.png,PSAX,0.166202117129855,0.1672252554407331,0.16572721454419093,0.16832866051827097,0.16670289154876072,0.16581386081818925
4135s1_20.png,A2C,0.16721870972818234,0.1669300727624283,0.1664908154819532,0.16714693773279138,0.1661513894013805,0.1660620748932643
4385s1_49.png,PSAX,0.16537511814383504,0.16753534921113938,0.1662883028450508,0.1685910137554718,0.1670982042306808,0.16511201181382204
1873s1_6.png,PSAX,0.16718655252640982,0.16710666650343187,0.1659907629911767,0.16757786820127124,0.16624220185967278,0.16589594791803755
5129s1_1.png,A3C,0.16680814107470693,0.16752243183692125,0.16675285480249155,0.16717260962789562,0.16616071464351123,0.1655832480144733
9s1_11.png,PSAX,0.16673004127061947,0.16710381351600612,0.1659983127674803,0.16799428815663042,0.16620441210741668,0.16596913218184692
6020s1_6.png,PSAX,0.16686701786655567,0.16700194579009156,0.16647698257021515,0.1677768624633834,0.1664193063575373,0.16545788495221692
1641s1_33.png,A2C,0.1672174466420537,0.16691817344401555,0.1663516999702567,0.16699527686114338,0.16571374922953594,0.1668036538529947
1532s1_6.png,PSAX,0.1668832320577328,0.16727725015201478,0.1667710376095369,0.16733123416861662,0.16593733075012504,0.16579991526197396
218s1_63.png,PSAX,0.16674459395466218,0.16741358797000025,0.16648628728789647,0.1678648348297427,0.16578696037206078,0.1657037355856377
4117s1_36.png,PSAX,0.16644772654281928,0.16736769948570934,0.16643330691021094,0.1682843062788753,0.16618503594681214,0.16528192483557297
3132s1_37.png,PSAX,0.16714281124618063,0.16675341844141975,0.1662544196335587,0.16794356036985864,0.16601129865152398,0.16589449165745832
5370s1_9.png,A3C,0.1672318404002544,0.16770711857375958,0.16677799818661232,0.16659127149477643,0.16558594258640028,0.16610582875819704
6020s1_30.png,A2C,0.16726878085648975,0.1672325737493278,0.16698991847762598,0.1671807639698559,0.16620582175766185,0.16512214118903873
5269s1_38.png,A3C,0.16738238389397017,0.1677313553814056,0.16734637163774105,0.1665155674098222,0.16557732356540328,0.16544699811165778
5714s1_24.png,A3C,0.1667263755973526,0.16778914847345736,0.166973803182373,0.16680959450219743,0.16706668005205236,0.16463439819256726
4531s1_4.png,PSAX,0.16526586437050272,0.16758435063428853,0.16598757456333682,0.1687290363420941,0.16691478367966417,0.16551839041011365
5406s1_29.png,A3C,0.16653567960235122,0.16773087824161043,0.16676255317259642,0.1666986399383645,0.1674506915389733,0.16482155750610408
4117s1_27.png,A3C,0.16675939783783394,0.16770732872364993,0.16665632339091574,0.1670289298261076,0.16538994566948914,0.1664580745520037
1111s1_5.png,A2C,0.16720879006554662,0.16714643930858103,0.16646336622765678,0.16717155468176825,0.1662390052566482,0.1657708444597993
5854s1_12.png,A3C,0.16686596131901016,0.16724982491563053,0.1665174677768687,0.16679128616216543,0.16637853306549813,0.1661969267608271
1641s1_56.png,PSAX,0.16687020606664002,0.16714397186498417,0.16650698732362643,0.16796970907504452,0.1659334453711185,0.16557568029858627
5547s1_49.png,A2C,0.1674863228414095,0.16707234020449335,0.1664230377400517,0.1670295175884814,0.16571027145887804,0.166278510166686
2002s1_9.png,PSAX,0.16654590384802087,0.1672608113540681,0.16680538921206087,0.16775974596285276,0.16595356381370052,0.16567458580929686
3375s1_0.png,A2C,0.16760230240371954,0.16724140018527187,0.16616513242719208,0.16675148375745666,0.16622547985276498,0.16601420137359493
2453s1_58.png,PSAX,0.16664242693092252,0.1670998343478109,0.16613475625393687,0.1682796596400444,0.1660904340596105,0.16575288876767474
5269s1_59.png,A2C,0.1673580559982406,0.1673141279723456,0.16659350630455633,0.16672226541507035,0.16589882637570108,0.16611321793408595
4853s1_3.png,PSAX,0.16571431902998487,0.16639540444854578,0.16583843726466269,0.16914302227340283,0.16699213836866156,0.16591667861474235
4385s1_4.png,PSAX,0.16609936920538598,0.16721945140875863,0.16636422490176708,0.16792085483719366,0.1669982892793846,0.16539781036750995
4385s1_5.png,PSAX,0.1659244113843499,0.16757929196338717,0.1659608793258106,0.16817914886803442,0.16660935932383333,0.16574690913458462
5207s1_7.png,PSAX,0.16645757325150834,0.16729396871368887,0.16667292779116363,0.1678427807946379,0.16615942727646857,0.1655733221725328
4179s1_15.png,PSAX,0.16612648973785585,0.16740923102615338,0.16592875248996292,0.16872563455900155,0.16670378662291185,0.16510610556411445
5223s1_26.png,A3C,0.16680357469793147,0.16762305925585114,0.16684413413871238,0.1672060552057043,0.1665548159290872,0.1649683607727136
3132s1_32.png,PSAX,0.16588092472248406,0.16690453801102717,0.1656244767258308,0.16875894749385806,0.16692022470762297,0.16591088833917694
1163s1_10.png,PSAX,0.16574165894009213,0.16694142512279025,0.16569616757548097,0.16828832146559886,0.16668013357821523,0.16665229331782266
715s1_6.png,PSAX,0.16631605114097617,0.16736092282386353,0.16640599569532963,0.16793674116642482,0.1659851284384171,0.16599516073498882
1040s1_51.png,PSAX,0.16623000573769964,0.16751501406253425,0.1662521740687168,0.1681604028219625,0.1661837042962917,0.16565869901279523
3375s1_9.png,PSAX,0.16578960229657852,0.16743769162140412,0.1661658816039958,0.16819605739638496,0.1671970856339504,0.1652136814476861
4737s1_36.png,PSAX,0.1656999288727103,0.16712068063811725,0.16566751494929724,0.1684429950667258,0.16774867411195463,0.16532020636119485
5234s1_13.png,A2C,0.1672771164520693,0.1671905476202474,0.16630374599118392,0.1672338575843288,0.1658962485578336,0.166098483794337
9s1_29.png,PSAX,0.16654393451106048,0.16696192942045424,0.16606710745156555,0.1683317327604162,0.16629140740175485,0.16580388845474867
715s1_44.png,PSAX,0.16588606372345283,0.1672117324524471,0.16614709334976338,0.16826775237617042,0.16663331468334677,0.16585404341481944
5406s1_10.png,A3C,0.16722827023920755,0.16788954777675932,0.16710777570577118,0.16659328301394558,0.16618035626493924,0.16500076699937713
4385s1_52.png,PSAX,0.16671517300769104,0.16686650761484245,0.16623706299829638,0.16752590028700617,0.1657550136641878,0.16690034242797624
5316s1_57.png,PLAX,0.16520461062267916,0.16711285260411543,0.165275824426824,0.16779834577751612,0.1680876099218861,0.16652075664697916
9s1_53.png,PSAX,0.1656453530345504,0.16683640435694938,0.16541864118706334,0.1692901789517514,0.16771427499435165,0.16509514747533388
2453s1_15.png,PSAX,0.16624744696797744,0.16716473865897222,0.16528935332261527,0.16763544963915572,0.16720028827665306,0.16646272313462637
5897s1_3.png,PSAX,0.16670496809945615,0.16729628562638565,0.16600571208140957,0.16767278389798854,0.16634256014466312,0.165977690150097
4137s1_6.png,PSAX,0.1667242331195048,0.16718872848927516,0.16709411553069833,0.1676625125287542,0.16620833311282632,0.16512207721894118
6020s1_11.png,A3C,0.1668792686779081,0.16726424709137874,0.16669732694635297,0.1671630650487427,0.16631263480209588,0.16568345743352156
218s1_62.png,A3C,0.16720642173170974,0.1675749717013929,0.16609184440675265,0.16727055457770632,0.16599221750474039,0.16586399007769792
1786s1_0.png,A3C,0.16717463713205077,0.16772282781021078,0.16597941511087355,0.1671502261715661,0.1662201735070073,0.1657527202682915
3153s1_35.png,PSAX,0.16594750887289572,0.1670943320672953,0.16582131495328817,0.16800588675188202,0.1672263239502298,0.16590463340440909
5223s1_9.png,PSAX,0.16635197681929334,0.16768619382239058,0.16587484907167727,0.16789984535412628,0.1677570149740229,0.16443011995848966
5493s1_17.png,A2C,0.16753610249013604,0.16746390479907675,0.16685171544625832,0.16650159429503983,0.16625109342254546,0.1653955895469436
5256s1_56.png,PSAX,0.16625353660122513,0.16717645686193117,0.16620315451574122,0.16863550052530976,0.1660801467164224,0.1656512047793704
1767s1_16.png,PSAX,0.16660770118146045,0.16677665155262933,0.16621055434178092,0.16742159556414865,0.16594145277159922,0.16704204458838146
3153s1_47.png,A3C,0.16671331787940777,0.16763142154031296,0.16693217728725177,0.1673668977324434,0.16655160395048926,0.16480458161009487
