FileName,view_pred,prob_A2C,prob_A3C,prob_A4C,prob_PSAX,prob_PLAX
0X7476874DC8F10D2A,A2C,0.2010615262445471,0.20068210238060866,0.19981605879336176,0.19995795087987586,0.19848236170160652
0X7CEA8E5FA8F3FB3F,A2C,0.20070881375054647,0.19980475593094538,0.2001535616350536,0.20061325370864555,0.19871961497480892
0X54EA74B9F2F612A3,PSAX,0.20066044202371863,0.2001030128435209,0.1997419130789294,0.20073640725870534,0.1987582247951258
0X6DDD5B0B4132C787,PSAX,0.1999947386199326,0.1996580384879471,0.1997761059786433,0.20153082425118593,0.1990402926622911
0X39EF484992C44E9D,A2C,0.20070149397301543,0.20053215210336506,0.19972046343383315,0.20017583490407276,0.1988700555857136
0X6D9723FC15CFEE85,PSAX,0.2002775910999785,0.20005909641305758,0.19999793332895036,0.20100960949140653,0.19865576966660697
0X7628E85E157D1655,PSAX,0.20089912694901482,0.2002711666632605,0.19918568307159826,0.2008986569496115,0.198745366366515
0X20C87FB09C5485FA,PSAX,0.20019302335044342,0.19983249367741227,0.1996781993411702,0.20114032726158773,0.1991559563693865
0X785B0B7BAD1E6DF0,PSAX,0.20047854948861243,0.20008651327530233,0.19895456667472977,0.20116399206056784,0.19931637850078762
0XD3B557874B91D0D,A2C,0.2006192489643529,0.2003950900689466,0.19937896628179705,0.20047031259031778,0.19913638209458584
0X9F47D732822A695,A2C,0.20103170688500585,0.2002044665533132,0.19997896228992185,0.20004256088705463,0.19874230338470456
0X5BCD54C82F8D582D,PSAX,0.20087276134670845,0.19969242047314265,0.19970569230845753,0.20098603043400262,0.19874309543768864
0X7871A13A25E72847,A2C,0.20079575892853893,0.19996999011991481,0.19986437867853366,0.2006490176477864,0.19872085462522615
0X3F1ED852891344A2,PSAX,0.20065848381007512,0.19992590002722854,0.19899084788035565,0.20139154325803335,0.19903322502430731
0X29F98334C8C86ACF,PSAX,0.20037227527303683,0.19924497945664665,0.1996202970627188,0.2015758244429809,0.1991866237646168
0X3C4BE41655860B16,A2C,0.20087067262771396,0.20016041324395298,0.1994188429365767,0.20044759806667165,0.19910247312508464
0X185D65EA647B5C61,PSAX,0.20034594632517091,0.20019885061398743,0.19948111561917597,0.20100237755452713,0.19897170988713853
0X558BBB9DC59ABE58,A2C,0.20095608507636506,0.20063578462437218,0.1995631868933042,0.20005613026834482,0.19878881313761362
0X7B982CE3A8C024F4,PSAX,0.20043672204966081,0.1996490338225212,0.20016517256560276,0.20112298663301573,0.19862608492919956
0X2B76F1C5F5D0466D,PSAX,0.200378856686024,0.20046821705051016,0.19956166556292845,0.20087559884337922,0.19871566185715805
0X5906DC737114DBF1,A2C,0.20073401138294228,0.2000018104927862,0.20021114907035242,0.20036372942917052,0.19868929962474868
0X1E611525E31DDA7B,PSAX,0.20070229490396338,0.1999042212619006,0.19977623916522003,0.200815321241084,0.198801923427832
0X7A6EEE9D2CC4DDD8,PSAX,0.20040721450840904,0.20024134642975105,0.19913067042677202,0.2012209626019877,0.19899980603308015
0X6AC5A4C46C17EDC0,PSAX,0.20041881478335494,0.19971695915490514,0.19930982141428755,0.20168215464684566,0.19887225000060674
0XD578E2221A216DD,PSAX,0.2005545134878456,0.2003268507387007,0.19954981105698463,0.20063160457855225,0.19893722013791684
0X4F6EAF6EA9D0D4AA,A2C,0.20143832948251303,0.2014224032775417,0.19996476226267249,0.1986765857079763,0.19849791926929636
0X3BE4253D023C725E,PSAX,0.2004117546776243,0.19960541634462853,0.1995542580901688,0.20109335203844364,0.19933521884913474
0X5C04297CE92F9474,PSAX,0.20048465016613062,0.19981735912322085,0.1994381344649249,0.20137373127240682,0.19888612497331692
0X96CE61C92FAEE43,A2C,0.20108530688372175,0.2008039676980902,0.1993426213889603,0.1997054841153283,0.19906261991389965
0X237A158C025A28E5,PSAX,0.20013752436520502,0.1994790545438926,0.19969568974646604,0.2012976051511013,0.1993901261933351
0X47652348BF1687F2,A2C,0.20080693846469816,0.20016522033717796,0.19972144963513122,0.20074608818010378,0.19856030338288883
0X6440E65AC7ED5668,A2C,0.20108090186465502,0.20030710384398628,0.19986327470767498,0.20014091898954325,0.19860780059414054
0X5B9C0EEB93E0BE10,PSAX,0.2006965693658609,0.1998842836946102,0.19997625734510502,0.20081741150057042,0.19862547809385345
0X619010C76D709BCF,A2C,0.20096532036074277,0.20059075882180077,0.19926403779363497,0.2004733629610805,0.19870652006274098
0X5537710165616E3F,A2C,0.2008277214181461,0.2005973602005693,0.20005551774399427,0.20003972471407916,0.19847967592321106
0X6043DEDF42873A99,PSAX,0.20054587044017688,0.20003666683453725,0.1997924577543505,0.2007637808827818,0.19886122408815354
0XD0DC210BA3C1C9E,PSAX,0.2004460036995066,0.20012369221213222,0.19944989594218587,0.20086332208108437,0.19911708606509101
0X4EFB94EA8F9FC7C2,PSAX,0.20047905035132763,0.20000766358070188,0.1988390399709573,0.2012712759453039,0.1994029701517093
0XA684E725FD761B6,PSAX,0.20047825258059648,0.1998497406321045,0.19899981721979954,0.20142188774617248,0.1992503018213269
0X7A4ABCBDD9D9F33A,A2C,0.20054997101387326,0.2001284784863167,0.19999119475618649,0.20044649054716232,0.19888386519646128
0X10F6FD4A9C6A458E,A2C,0.20106605370418199,0.19984385598242319,0.20022202617081122,0.2001612606697716,0.19870680347281192
0X70F4F530DB582570,PSAX,0.20058770799941938,0.19978402870883402,0.19888491881518727,0.20149193064708815,0.19925141382947112
0X114B58E6B34E55F1,PSAX,0.2005341889955132,0.19982013192368672,0.1999209474825003,0.20091489300159782,0.1988098385967019
0X4CDEDC3CA72436A1,PSAX,0.2003603746804423,0.2002972689890903,0.19975376060648536,0.20094131180234837,0.1986472839216337
0X1815E6741A8B2CFA,PSAX,0.20015264423796236,0.19960075099386645,0.19969588825460818,0.20157359759392682,0.19897711891963618
0X4DC2A9679CFE55D6,A2C,0.20071528212330159,0.2007445321752551,0.1996813980640981,0.20040286079351305,0.1984559268438323
0X3527A0143356B7F5,PSAX,0.2003077585639175,0.19977582232801022,0.19925309837889263,0.20131794206481018,0.19934537866436947
0XB7E1867A17EDAD4,A2C,0.200805650314854,0.20064350064571082,0.1990746257249482,0.2004075363200172,0.19906868699446983
0X6F6DB4A07AA7BED2,A2C,0.20079042523892474,0.20029967796685025,0.19937332305271896,0.20062763314384469,0.19890894059766132
0XBB76A78AC119BBB,A2C,0.20066898446249135,0.20033154623489405,0.19960860615957193,0.2004404629902768,0.1989504001527658
0X719F5441F4D7F772,A2C,0.20073505018229293,0.20019732841279886,0.19978721676286884,0.20068181414373393,0.1985985904983054
0X259CBD1FA6358DC,A2C,0.2007195046566373,0.2001726611429643,0.2000855046611551,0.20027657324034437,0.19874575629889893
0X66C8EAE88FFB77EE,PSAX,0.20037443337189742,0.19983104017368952,0.19915307442474742,0.2015127016354516,0.1991287503942141
0X37C22AD689BE34F,A2C,0.20101792720737802,0.20041426177089705,0.19933316787108057,0.20035319908839394,0.19888144406225047
0X4D7A36B4D79C91BE,PSAX,0.2003756589946582,0.19986228027320235,0.19955504339911742,0.20109917165489652,0.19910784567812556
0X694033179511A13E,PSAX,0.2002987899200022,0.1999600344462159,0.19905669462717135,0.20127237371762502,0.19941210728898565
0XB29658CF38E12F7,A2C,0.20084525827206803,0.20060601357944344,0.19937780315879064,0.20029492036238225,0.19887600462731553
0X19DF9461CA5F498F,PSAX,0.20053644771575183,0.20002191786056817,0.19958884124760623,0.20112856156955458,0.19872423160651928
0X5C732BCF53162A65,A2C,0.20094454773936082,0.20024450922131878,0.1997594271851114,0.2002234083641314,0.1988281074900775
0X27C871612E887EF6,PSAX,0.20040409256056385,0.19991715826962492,0.20015668497343156,0.20084062605027134,0.1986814381461083
0X2DEDA110B28EFD48,A2C,0.20071272728609663,0.20027223106914255,0.19945144166627302,0.2006757069350061,0.1988878930434817
0X6244974E7C452D0,PSAX,0.200563947876627,0.2000163866386734,0.1994181150209638,0.20110260342761863,0.19889894703611716
0X6AB2CF56234A13CC,PSAX,0.2004560718894834,0.1998099340069257,0.19938464881805124,0.2012155220663128,0.1991338232192268
0X7B594349510CCAE4,PSAX,0.20057275668238042,0.2001181462167536,0.19965215683876072,0.20088547280841992,0.1987714674536852
0X7F9ED6D9B7543E46,PSAX,0.2003140285611269,0.19974939998370989,0.19891168194833767,0.20161233525524158,0.19941255425158405
0X4ECECBC46D4ACCB7,A2C,0.20062625520343347,0.2002295351828132,0.19996252728147268,0.20037382287853378,0.19880785945374685
0X4365DD7E115C67FE,A2C,0.2006314950309073,0.2002979580959017,0.19996054486438322,0.20052603323186197,0.19858396877694595
0X497E354B515F4FE,PSAX,0.2001741448426288,0.20049736815026176,0.1994545784317795,0.20105119527421147,0.1988227133011185
0X20F0ECA9A407E292,A2C,0.20089916921014667,0.20027173104084944,0.19991559654905622,0.20035573528371317,0.1985577679162345
0X620373BE146E6C3B,PSAX,0.2004181472730382,0.19987053138390878,0.19905720192904458,0.20154210376775758,0.1991120156462509
0X4A49AE73D48ED549,PSAX,0.20031064283222288,0.19983573919129433,0.1989678837860773,0.20154673807149143,0.19933899611891412
0X29372D09CBD2D8D0,A2C,0.2007512725500585,0.2002959679567268,0.1997626997003877,0.20021224236124208,0.19897781743158496
0X6022F9F42D2E8E06,PSAX,0.20041088632705092,0.19948807465465393,0.19990304122188457,0.20115280656078563,0.19904519123562497
0X35DFFC5BC8995375,A2C,0.20091604938784105,0.2000657022127797,0.199732736816579,0.20054588288235187,0.19873962870044842
0X73402C06C929E8EF,A2C,0.20073953820468596,0.20016956714085324,0.20021283971935566,0.2000842456126626,0.19879380932244248
0X7A67867B96A7DB62,PSAX,0.2002578047091173,0.1998710130539832,0.19919105656933936,0.20120645853691488,0.1994736671306453
0X446E8D1FC944760C,A2C,0.2008673652957861,0.20042828582241318,0.1996223093204175,0.20045733275005742,0.19862470681132582
0X560AC3ED5C9AA949,A2C,0.20088219090504222,0.20058104656065356,0.19911973514203563,0.20036977161610814,0.19904725577616034
0X33C02A3FE1E3BB60,PSAX,0.20049547082082897,0.19930067965059192,0.1997755382124531,0.2010165535293064,0.19941175778681966
0X7DF4117F27AA3D96,PSAX,0.20050321033251445,0.19964303173996611,0.19941476042166997,0.20110872896630963,0.19933026853953997
0X27EBBB70B35C2BDF,A2C,0.20114230821935175,0.2006959615789382,0.2000124237288021,0.19972359160060404,0.19842571487230384
0X102CFB07F752AAE6,A2C,0.20131803325789763,0.20061395532191129,0.1999326034685655,0.19992567986268858,0.198209728088937
0X7EFE1E76A839FA63,A2C,0.20082424986576267,0.20056014275664574,0.1995728679639127,0.20036248893056638,0.1986802504831126
0X4FAB297B6620A2AB,PSAX,0.2005030676229498,0.19989894066019728,0.19919044020477264,0.2010722624853024,0.1993352890267778
0X837EE8D6BDBD824,A2C,0.2010539118903367,0.2006467186083724,0.1993861597530427,0.20014787613007204,0.1987653336181761
0X61E16B47E6FD8A4C,PSAX,0.20044484538242077,0.19967030843698327,0.19934786889252135,0.20134154739624865,0.1991954298918259
0X5C0BCAA2FB4FF1B4,PSAX,0.2003072707142114,0.20015150328712536,0.19931139797834646,0.20102358679430699,0.19920624122600977
0X1A05829AEDF6C65,A2C,0.20068046639934103,0.20026229845326635,0.19927523375123504,0.20067017380294666,0.199111827593211
0X554AC1E23B17F678,PSAX,0.19979723777872063,0.1992901458626245,0.19935463343443466,0.20206408891623467,0.1994938940079856
0X578A64C447B18198,PSAX,0.20009410779774653,0.20009520206062004,0.19955626822940958,0.201199289075061,0.19905513283716283
0X176C1E76AD804467,PSAX,0.20060291639840405,0.20026793187136094,0.19979604116465946,0.2006431851844334,0.19868992538114208
0XD05D93184B12092,PSAX,0.20017123869122821,0.20014376317181418,0.19953768300700037,0.20087273318571028,0.19927458194424685
0X7809B942D62CFBB5,A2C,0.20099633999268113,0.2003564318853927,0.19935601617686116,0.20048018503970327,0.1988110269053617
0X6E46A32DFF7E9E62,PSAX,0.20009266326028968,0.19981270990852748,0.20001729631712106,0.20122477612369608,0.1988525543903657
0X780D5E4FEC1EC3B2,A3C,0.20098838327692758,0.2010404633979533,0.20057131912883294,0.19909017416235714,0.19830966003392897
0X6326541E9E879019,PSAX,0.20017857976681525,0.2002318464121667,0.19922017797948222,0.2012599281902599,0.19910946765127585
0X61848F995A02B06C,PSAX,0.20018229955987088,0.19998298276587964,0.19910034157456097,0.2014395739321187,0.19929480216756992
0X389455E41FE5B36,A3C,0.20086458466307738,0.20108059714928264,0.1997585182678535,0.2000068702093627,0.1982894297104237
0X3869ABCAB47DF8C9,PSAX,0.2006630024524498,0.19975585586487976,0.1995109669090575,0.20092998159175796,0.19914019318185505
0X29E5CE47FBC8961D,A2C,0.20084772306207757,0.20051624985440192,0.1993725403512808,0.20034401621026734,0.19891947052197234
0X3BA376E0E5A67F4C,PSAX,0.20043539070113128,0.20006763316614481,0.19979077826187983,0.20087422831874466,0.19883196955209953
0X4B41FE94F65ED4FC,A2C,0.20108458425655354,0.20036204962101015,0.19968063390000987,0.20061602758075112,0.19825670464167547
0X2D4304FA6A09F93E,PSAX,0.20067948768745056,0.19949484535070133,0.19982256659630712,0.2011494514674369,0.19885364889810406
0X6275BB18E7A8D320,A2C,0.20087247117190876,0.19995556088719973,0.19930114955010536,0.20068953029808326,0.19918128809270289
0X770E5896DC4FD92B,PSAX,0.20013989786613723,0.20012754549082465,0.19978251228329236,0.20078815594649552,0.19916188841325017
0X62ABD820E0F2FBD0,A2C,0.2007037555173809,0.200588083925515,0.19955685333257553,0.2004431909292237,0.19870811629530483
0X35943DCDA257FB3F,PSAX,0.20045055360793917,0.20002740413457237,0.1993642730013285,0.20090344639988966,0.1992543228562702
0X6B8CAD148A81CBB1,PSAX,0.20043207560489248,0.20004534381136072,0.20006660179511557,0.2006321359710022,0.19882384281762902
0X3B2F240FF65AE41B,PSAX,0.20060972505546937,0.1994651554370685,0.19872742839570084,0.2016128810983745,0.1995848100133868
0X5135B2283BB69AF3,PSAX,0.20033495314819952,0.19973472565339948,0.19936450455635216,0.2012802652598139,0.19928555138223492
0X77435187285FD096,PSAX,0.20013321443432674,0.1999737353492244,0.19899063408704862,0.20147792032513062,0.19942449580426966
0X2006B85D0AC90B99,A2C,0.20117207657369093,0.2003332459262512,0.19968066619756528,0.20015633766501473,0.19865767363747797
0X38553A64F1845D6,A3C,0.20105215078279196,0.20122392574456655,0.19942702576806007,0.1997691886129593,0.19852770909162204
0X7BD009AA7B30A5D8,PSAX,0.20064718869412262,0.20024788197441726,0.19898332330447005,0.2010294522318654,0.19909215379512454
0X66F67400B4224304,PSAX,0.20011679082904335,0.19996718455866436,0.19917976552862526,0.20140506455383173,0.19933119452983533
0X2A777BDE3B51C189,PSAX,0.20001812567739288,0.1998690339536238,0.20002310317822017,0.20113503434627372,0.19895470284448957
0X6C6FE0CFFBEAD9C0,A2C,0.20039473313865083,0.20005350508960304,0.19997790854355954,0.2003058771265163,0.19926797610167035
0X2B81FE1EF971B25A,A2C,0.20110504965918577,0.20013571970685806,0.19955901474899643,0.20042682629587388,0.19877338958908586
0X6878753F91B0C449,A2C,0.20110507987080187,0.2006658156699289,0.1997006650325303,0.19978334313165852,0.19874509629508036
0X65B23F659EFEE4B5,PSAX,0.20008969259962853,0.19972050097170368,0.20021291105587521,0.20117137023568407,0.19880552513710836
0X333FD98F27A8A355,PSAX,0.20032979826387262,0.20028931182685905,0.19931840120894925,0.20118986291194957,0.19887262578836948
0X3A067F55DF845A2E,A2C,0.20085375262890798,0.20035529108413558,0.19921834768764177,0.20060513228087362,0.19896747631844103
0X2F290311A5574772,A2C,0.20118496793969542,0.2008982174897006,0.19978599087922866,0.19961498533891092,0.19851583835246442
0X3CF920996FE95ADD,PSAX,0.20057989142588611,0.199940939717725,0.19966237087100272,0.20108835334336364,0.1987284446420226
0X6EBCC08A401F9B5B,A2C,0.2009941561328774,0.1998976346520195,0.1994555747071954,0.20089616713571343,0.19875646737219413
0X68B3B1926A16337D,PSAX,0.2005357718291106,0.1999455133613857,0.19988227325042804,0.20064391163771034,0.1989925299213654
0X6229CB36DB9F05A5,A2C,0.20117336134360186,0.20095653352134102,0.19987906986451276,0.1995750576270912,0.1984159776434532
0X76CF9DD42F1E65F5,A3C,0.20069284743758256,0.20073474053388277,0.19947091491021024,0.20027040107468924,0.19883109604363516
0X100CF05D141FF143,A2C,0.20093726705851242,0.2003980569816425,0.19982056332758238,0.20031418423997127,0.19852992839229155
0X174090E59512E733,A3C,0.20064595890105938,0.20065330810606297,0.20001826240515977,0.20000882337054568,0.19867364721717223
0X1E12EEE43FD913E5,PSAX,0.20031700169376893,0.200106663853037,0.19942916564685362,0.20127098948778463,0.19887617931855578
0X788C21FC83ECEA3,PSAX,0.20042476364027031,0.20013823483091653,0.20006124089808244,0.20060792949184028,0.19876783113889032
0X662EF84E75806C27,PSAX,0.2005929636396404,0.19960958136910734,0.19954236497124145,0.20114402754863528,0.19911106247137567
0X7E2E8534D07DDBE,A2C,0.20094692109044968,0.19986727824726164,0.1994943024836569,0.20057746284796335,0.19911403533066832
0X3587945D9CB88758,A2C,0.2006477095145877,0.20036385059746864,0.19975123118787533,0.20049994708116703,0.19873726161890115
0X3A24403843DE9A9F,A2C,0.20095382949383425,0.20012831122849198,0.19941236537224105,0.200693352943377,0.19881214096205585
0X4724EF4A6021488E,PSAX,0.2004219102998442,0.19976963115496374,0.19969303790744328,0.20131180509302687,0.198803615544722
0X1BDEEC24D5FC570C,A3C,0.200662249941708,0.20066317089478522,0.19983145879305614,0.19992691157862405,0.19891620879182653
0X6610FEE0E4DB11B5,PSAX,0.20007156634835135,0.19998373272503392,0.19940134473240148,0.20116008513100872,0.19938327106320464
0X48905E6FBAB24E3E,PSAX,0.2000953918347936,0.19999325750947777,0.19915930955928882,0.20152773116100178,0.19922430993543808
0X871CEFF60C7274C,A2C,0.2014568551956986,0.20026061114266422,0.19930421327693215,0.2001628336142171,0.198815486770488
0X58871E2E411DF847,A2C,0.2005002120307719,0.20046663026530115,0.19988394398963763,0.20013859828882796,0.19901061542546142
0X7D0223AF4A3B9955,A2C,0.20088155513648145,0.20067448192831497,0.1996976512014567,0.20003061772177871,0.19871569401196817
0X7E8CCD93D8EA9D7,PSAX,0.20042090084599845,0.199974885627538,0.19946946803766522,0.20111738131413917,0.19901736417465904
0X788B2560A356EFFD,A2C,0.20078029804273526,0.20028963819781073,0.19989021498562914,0.20046135313028826,0.19857849564353658
0X36CCD2D8878BA51D,PSAX,0.19985808334332317,0.19946141998101688,0.19865087128098213,0.20233933912229057,0.19969028627238716
0X24B3D97148F6484B,PSAX,0.20071992926461923,0.20011966360594116,0.1995491272856583,0.2007524286760196,0.19885885116776172
0X770DA83A3089A1CE,A2C,0.20057516745491588,0.20014658632813218,0.19994537144119517,0.20044739201547918,0.19888548276027776
0X59671F285804943A,A2C,0.2009124828349876,0.20021904800544452,0.19954542427567387,0.20056131154327078,0.1987617333406231
0X33801E24EDECD5DE,A2C,0.20119184658805078,0.2008541426889102,0.20009209984216536,0.199579899665572,0.19828201121530176
0XA69CDEAD15F2E1A,A2C,0.20066645524077273,0.20015001110247724,0.19972969249860073,0.20042391132397017,0.19902992983417922
0X232DAB0AE399625D,A2C,0.2009241183498547,0.2003872576960416,0.1992502932298686,0.2006041378800112,0.19883419284422385
0X195D3B45D8A0DB2D,A2C,0.20105655662971422,0.20088690020873443,0.19954694472190132,0.1998382282121228,0.19867137022752734
0X1439627ADB475793,PSAX,0.20067569973366337,0.19963493050741266,0.19911063776197996,0.20126511767490873,0.19931361432203532
0X7D32BEF617ED61E9,A2C,0.20070137255008344,0.20051045742737222,0.19938155825285517,0.20042743362110843,0.19897917814858074
0X5572F384EF9DD9FC,A2C,0.20112820548968846,0.20049262476196958,0.19958450561319516,0.20017103769293412,0.19862362644221274
0X56B7729C43515690,A2C,0.20098719604851398,0.2005845226161794,0.19946188489767805,0.2004187108674995,0.198547685570129
0X7484EE46AD3659CC,PSAX,0.19990573438206902,0.19969262357936582,0.1997183735559518,0.2020557350187026,0.19862753346391065
0X36715FD73D74BF39,PSAX,0.20024302310405948,0.19962687032066845,0.1991956226255592,0.2016215424820547,0.19931294146765816
0X216C953D364C7BE5,PSAX,0.2006593527584861,0.2006168924568687,0.19912402258897086,0.20074535028080517,0.1988543819148692
0X2F094CEC2EEA4606,PSAX,0.20071211796519065,0.20018219524107492,0.19886938072234864,0.2010027330902142,0.19923357298117145
0X457D30606BC14265,PSAX,0.20048871056972142,0.20017061362938166,0.19969826483714487,0.20083847684303147,0.19880393412072064
0X778935C329CC1789,A2C,0.20098265531182408,0.20038809544640568,0.1993758098817226,0.20012593369612633,0.1991275056639213
0X341EC20E83B0B356,A2C,0.20151360389432502,0.20038449125505828,0.19983713408354448,0.19986449901033534,0.19840027175673672
0XB5492BEC906F76C,A2C,0.20113543689617688,0.20026067183739765,0.19982019108877574,0.20013639808569733,0.19864730209195233
0X5E98971829C12431,PSAX,0.19982054572128258,0.1994171875603858,0.19946016076907047,0.2018807165762225,0.19942138937303874
0X51472543858384F2,PSAX,0.20046261728811637,0.2000991063945631,0.19964877650912352,0.20097903547760443,0.1988104643305926
0X37E6E6434A0C815B,A2C,0.20096504506146723,0.20054123383862577,0.20008242234305124,0.20013466434880933,0.1982766344080464
0X41130893A44122AB,A2C,0.20096083374673762,0.20003752565743702,0.1992282368839424,0.20096049236835298,0.19881291134353
0X6A45FBB2F8991E0E,PSAX,0.20048075349190372,0.20011241176451322,0.2000899532990377,0.20074906062744713,0.19856782081709834
0X379CA9FEA4B8D934,PSAX,0.20034924505319526,0.20012508963274722,0.19913669526282546,0.20088017274052614,0.19950879731070584
0X69C213A7E1B58743,PSAX,0.2006304090966395,0.1999260100949874,0.19908646856508758,0.2010464547024734,0.19931065754081212
0XFE6E32991136338,PSAX,0.20066835676358633,0.2002054447255992,0.19921391056122525,0.20101013933270656,0.1989021486168827
0X2FFB2D1F3A52F4AF,PSAX,0.20029855357534201,0.20027118890438675,0.19968927900034192,0.20083263581356062,0.19890834270636887
0X2D6CA36A674EDC8F,A2C,0.20071435502951593,0.20024777702691818,0.19953152569291077,0.20080258434973292,0.1987037579009221
0X73CBCADA2191104C,A2C,0.20075460967873432,0.2002137745039836,0.19987302733125115,0.20044673883786035,0.19871184964817062
0X29582FA0A66ECA89,PSAX,0.20056172292855992,0.19995147502496072,0.1996778871883405,0.20071586850492887,0.19909304635321004
0X2EDDFC5697535B9C,A2C,0.20078033697829362,0.20004318274735625,0.19970865081827563,0.20072308692206758,0.1987447425340068
0X53491FA3CDC950C1,PSAX,0.2000858386230627,0.1996500264053999,0.19974998522388415,0.20142080156471073,0.19909334818294253
0X5042C6AB36212224,A3C,0.20101532769339076,0.20137937774616,0.19940749602566143,0.1996678329732853,0.1985299655615025
0X58E9941E544B4437,PSAX,0.20047776645395793,0.1996148682549652,0.19899845397968574,0.20161971018882507,0.199289201122566
0X2A8DA996FB52D5CB,A3C,0.20068663616572158,0.201365462644912,0.19921165106360467,0.20004959802143035,0.19868665210433142
0X437170B1DA64BB42,PSAX,0.200384140057129,0.19996672962867085,0.19928089147531958,0.20119663420360873,0.19917160463527192
0X3154AED0655FDFA,PSAX,0.20048571992513023,0.20000317687699498,0.19949464965915967,0.20113418100694885,0.19888227253176644
0XBE8C637FF9D9124,A2C,0.20061582444532758,0.2004138839715463,0.1998349034614324,0.2003164047254544,0.19881898339623935
0X26A12BDA55DE0DDE,A2C,0.2007992766255036,0.20016773296137258,0.1998246611941379,0.20057133901820975,0.1986369902007761
0X67258AC1999CA388,PSAX,0.20055895418612216,0.19980726386864459,0.19897938102188595,0.201515031126305,0.19913936979704233
0X158B03C45BB55DAC,PSAX,0.19991527332026393,0.19980320313536734,0.2000235166674495,0.2011456976570157,0.1991123092199036
0X1702B6CCB7E8812B,A2C,0.20120206285176817,0.20056220211069678,0.19985524019052567,0.20007400117405874,0.19830649367295064
0X45ED7398E9C3AAEA,PSAX,0.20065670359936671,0.20073103126678432,0.1993174965015743,0.20061929000397788,0.19867547862829668
0X5D0DFD26F454D74C,PSAX,0.20014810518164092,0.19993888317053157,0.19995569320920697,0.20090396068502517,0.1990533577535953
0X7B1F112049D754D9,PSAX,0.20038741757140183,0.200160153287131,0.19952700433662723,0.20057603668368004,0.19934938812115993
0X5FF75E97ECDC71E8,A2C,0.2007469936643109,0.2004090270771452,0.19980474877422252,0.2001751043355908,0.19886412614873059
0X4E8DE76280B1445B,PSAX,0.20074016219717897,0.1998354748173528,0.20001126795046084,0.20089437905816546,0.19851871597684193
0X7FCE5D1FB46D6BDE,A2C,0.20082642861420574,0.20045486501303283,0.19957168752691137,0.20067121733079202,0.19847580151505803
0X79E6261DF5CE752C,PSAX,0.2005006527184732,0.19999783714724056,0.19938062945818752,0.2012461079606574,0.1988747727154412
0X1C48B213563D806E,A2C,0.20103947518144596,0.20061360574245166,0.19945393597386857,0.20034015976938252,0.1985528233328513
0X24DBD52BC75C4180,PSAX,0.20045515630115762,0.2000244858658084,0.19854176965985024,0.20160747660907186,0.19937111156411189
0X4C4591D9CB3DDDE8,PSAX,0.2007572594062068,0.19961078913651548,0.19973563832854563,0.20090921411584534,0.19898709901288675
0X4F89846030713617,PSAX,0.20051562507920992,0.19968259936840763,0.20006058365170276,0.20130644435341738,0.19843474754726234
0X3A170C20A679FBB4,PSAX,0.2008799673217887,0.19977255105925396,0.19968694944649476,0.2008972815740921,0.19876325059837055
0X42A97568F13E2DB2,A2C,0.2008877064864673,0.20072766804836564,0.19899463805679085,0.2004619703563709,0.19892801705200525
0X3B08A5A9B4068C8,PSAX,0.20031689224762916,0.19997297780580892,0.19964547099322486,0.20118352067084186,0.19888113828249515
0X55D97A446839D999,PSAX,0.20052909055097784,0.1995322487845613,0.199735655141618,0.20101226146022494,0.19919074406261789
0X46F890593D02A068,PSAX,0.19995179063186475,0.20008805743788996,0.19915212224270196,0.20167349562075226,0.19913453406679116
0XB3FFC4AE334E9F4,A2C,0.20086002099845426,0.20051419106536467,0.19959399386758486,0.2002388784649611,0.19879291560363505
0X31B6E6B67B97806A,A2C,0.20130274286393282,0.20107529441777006,0.19977003887893852,0.19925804850067022,0.19859387533868844
0X608CDE34163C8C6E,A2C,0.20071347271059056,0.2003651811005055,0.1995981138352938,0.20026195414145978,0.1990612782121504
0X112D0A3D2ACB8800,PSAX,0.20060351056734152,0.19974060390838008,0.1994483184872698,0.20119852669476337,0.19900904034224529
0X7E655DBE953C1A73,A2C,0.20118359289711715,0.20083816053139925,0.1991564124435835,0.20006639967508874,0.19875543445281138
0X740B08561D0382B,A2C,0.20079584956180888,0.2005055066646357,0.1991147762113754,0.20023675821841982,0.19934710934376015
0X5EE96AA34060E43F,PSAX,0.20004484279726575,0.20023791045661338,0.19944720825744722,0.20118557966419784,0.19908445882447592
0X3486DE177009C0A7,PSAX,0.20053515167474595,0.20000355334278508,0.19948317630743634,0.20096191164771712,0.19901620702731554
0X309AD0F57E1C81B2,PSAX,0.20057132324192475,0.19933201110126386,0.20007589998120504,0.20096215924723182,0.19905860642837456
0X53C84BFA9447BEE8,A2C,0.20086829543616677,0.20026810533393813,0.2002308298356992,0.19985537091935643,0.19877739847483952
0X6D4A77DC8CD88E9A,A2C,0.20093035253742084,0.20033410252870526,0.19972784180478348,0.20026405188242852,0.19874365124666188
0X50AF86577B0E0C0,A2C,0.20098086066360907,0.20059796017208625,0.19928398100993513,0.20011954539800597,0.1990176527563636
0X229B538A0319227C,A2C,0.20120890463734856,0.201134765671582,0.19953807091670364,0.19977274062118863,0.19834551815317716
0X19E42A10F0077B9F,A2C,0.20127231776774404,0.20055870459930877,0.19980360021850782,0.20004071349113398,0.19832466392330553
0X5E76ADAC714DF9D7,A2C,0.20063826750561742,0.2004983156356483,0.19932089379442766,0.20035669094936734,0.19918583211493923
0X493E34208D40DBB5,A2C,0.20105286021698726,0.20010207702057733,0.19971610099622886,0.20025054287776092,0.19887841888844565
0X36212648EAFF0B89,A2C,0.20073862064791853,0.20059899334675171,0.19917165523832822,0.20053276753037882,0.19895796323662274
0X517B9EA7B3FBEE17,A2C,0.2009153629154088,0.20022529554019752,0.19910195070162354,0.2007867215007505,0.19897066934201954
0X5B11C88A9BEA16A1,PSAX,0.20042535563266675,0.1996397825689644,0.19961795718063996,0.2011226307898709,0.19919427382785798
0X5FF8D238E3A43BA9,A2C,0.20136952838138483,0.20022137558822947,0.19984693201104514,0.2000975943464416,0.19846456967289883
0X2ADEADB93D232F1F,PSAX,0.20010563069335482,0.19945410151260065,0.19971042820979582,0.20147946635936456,0.19925037322488415
0X65A4CFF0CDED342B,A2C,0.20096689392547845,0.20041092784251985,0.19933469645741148,0.2006304495510953,0.19865703222349487
0X77E1E067C24C6E82,PSAX,0.20026343453836798,0.20001521406535078,0.19947142179687574,0.2011947466671634,0.1990551829322421
0X1D531494AA297EA7,PSAX,0.20060080646290043,0.20011026619228353,0.1992849734493042,0.20095152887415202,0.19905242502135986
0X7A620C5C256333CF,PSAX,0.20035411951695056,0.19999079642863116,0.19906241728571739,0.20130572232981533,0.1992869444388855
0X47902A34F32E05B8,PSAX,0.2006459668367427,0.20005586993318747,0.1992210404531275,0.20101352640508635,0.1990635963718561
0X7EEA66DBE251854B,A4C,0.20015190861950244,0.19983450982882062,0.20032694726735448,0.20029396458219134,0.19939266970213115
0X61606A54D357AD12,PSAX,0.20007604029005327,0.200083291101912,0.19930555083117016,0.20125716416817782,0.19927795360868672
0X2DDA61D944C9F9C3,PSAX,0.20041071874747718,0.2001120255961503,0.19910929063788319,0.20127947168141536,0.1990884933370741
0X22FAC36B13D3526C,PSAX,0.200491696759844,0.2002546904903117,0.1999209219992198,0.2009912703760448,0.19834142037457966
0X3C5A6B5C6A66C7C0,A2C,0.20105633367948364,0.20078815142739687,0.1997202388338646,0.19979932254155477,0.19863595351770016
0X3FB529259ACCAD46,PSAX,0.2003102249146247,0.19977914841712768,0.1994691948038653,0.20150173890072728,0.1989396929636551
0X33102FE7080DF430,PSAX,0.2006980355742686,0.1996183765144297,0.19938119044241254,0.2012027134551111,0.19909968401377814
0X60758344D1A615C7,PSAX,0.20069206191296785,0.19972071673780487,0.1995303390133998,0.20115137216191967,0.1989055101739078
0X31FCB82628884EF3,PSAX,0.20014830727984745,0.2001098702737119,0.1995461293747554,0.20123336934028613,0.19896232373139916
0X77762963F999DEE3,PSAX,0.2003547972212215,0.2004677354028127,0.19895017298409418,0.20081708504736448,0.1994102093445071
0X20F33082C8E339A5,PSAX,0.20050491155994832,0.2002412094984942,0.19962286701950266,0.20078889851284318,0.19884211340921168
0X57614735C29E7850,A2C,0.2008610629061047,0.20020306455467496,0.1992974745506828,0.20063603289095033,0.19900236509758712
0X2753C50A8B05D7D5,PSAX,0.20012732391937652,0.20027904654587259,0.19926183354572952,0.20141506518752067,0.19891673080150077
0X785B6EB4524C1CD3,PSAX,0.2003978067029231,0.20023581032458532,0.19986468128254026,0.2007368581225256,0.1987648435674257
0X2F80BA0880335F5B,A2C,0.20073938260603683,0.20071500539963508,0.20014845325017397,0.19987110528230315,0.19852605346185098
0X4E9496513479C330,PSAX,0.2007440410703271,0.1994886702719784,0.1993197933433301,0.20146003382133515,0.1989874614930291
0X30478F96BBD1A142,A2C,0.2009676854290076,0.20063846581579142,0.19993690756527105,0.20025780814594932,0.19819913304398054
0X75BF25E961056A3C,PSAX,0.2003580200297821,0.1997028658603531,0.20009711712942765,0.20060785267232997,0.1992341443081071
0X1498806542CEE367,PSAX,0.20050193893272325,0.20022412500433168,0.20002404824211092,0.2008269813200968,0.1984229065007373
0X1E433E7966FD7332,A2C,0.20143463547844767,0.19996430439259497,0.199716847515672,0.20048494168513417,0.19839927092815116
0X7CA10684E319705F,A2C,0.20085085393449473,0.20018399360053907,0.19939823450713767,0.20051092874209653,0.1990559892157321
0X7BD38A944FB7D285,A3C,0.20097504199992558,0.2011422821267728,0.19924162493961342,0.1997153101250991,0.1989257408085891
0X20F3D05837705ED2,PSAX,0.20020938712244604,0.19971245030979248,0.19876686265985785,0.20187734676001545,0.19943395314788828
0X3F24B7E7AE2C282B,PSAX,0.20063840587829437,0.20006625350019716,0.19909869079021955,0.20089466797881003,0.1993019818524789
0X69B8866270E7BC77,PSAX,0.2003981250142697,0.19985545080001524,0.19909302871992265,0.2016498346984426,0.1990035607673499
0X7BD3D2A65C18A4CA,PSAX,0.20056895922149312,0.19982079849272538,0.1993264241488668,0.2010563036705957,0.1992275144663188
0X460B910F3236924B,A2C,0.2011592334833668,0.20084733622249523,0.19992586338483884,0.19945049890372468,0.1986170680055744
0X45E3351DC2069AA3,A2C,0.20100019450365755,0.20063875532164296,0.19948922814954687,0.20020733541503197,0.19866448661012073
0X6867156FCD59C7DD,A3C,0.20093207585410547,0.2009405553844064,0.1993199558942368,0.20027929430160293,0.19852811856564842
0X88E54370A17E06F,PSAX,0.20052703892119536,0.20026804068512977,0.19976793981740334,0.20055037424032582,0.19888660633594568
0X5F5C118F20590038,PSAX,0.20074434950666287,0.20044649723062805,0.19888502763542992,0.20092185532558476,0.1990022703016944
0XCDC194CB936209F,A2C,0.20060325515570826,0.2000307857183236,0.19997080234636078,0.20039577604209563,0.19899938073751175
0X5862D7393B1702A1,A2C,0.20100545361513264,0.2007940817077383,0.199498437128871,0.2002285714105922,0.19847345613766587
0X395E507F8ECA4193,A2C,0.2007934817664432,0.20024483734192933,0.19968396546420045,0.20061801754048866,0.1986596978869385
0X6FCE7C69AE34FBF7,A2C,0.2008453745925308,0.20042870276871627,0.19958917083044958,0.20015825577421448,0.1989784960340888
0X30274DCF9BBA567F,A2C,0.20092212647352867,0.20064905229485722,0.19939329205046338,0.20067562233971445,0.19835990684143623
0X790A3B476F1281A1,PSAX,0.20058892550708332,0.20027944946658677,0.19936944385917577,0.20090993552369882,0.19885224564345524
0X71258BC9BF14F659,PSAX,0.20057566996056078,0.20005880660747882,0.1998678891957815,0.2006923691211659,0.19880526511501298
0X40253981E97848E5,A2C,0.20084463026516405,0.20045718907560153,0.19958809805968578,0.20019043244596318,0.19891965015358545
0X17FD9808C073BC07,PSAX,0.19990614324828337,0.19913601132404307,0.19953838448403194,0.20177907031232284,0.19964039063131891
0X4A4BAD2CF6E771EF,A3C,0.20112235066938514,0.2012366301056581,0.19963215079420582,0.19930825226189489,0.19870061616885604
0X61E568C03C41267A,A2C,0.20098907839130484,0.19999553475114126,0.1996299764243393,0.20045346298196481,0.19893194745124973
0X3289775294422CD9,A2C,0.20093938132581154,0.20021922714287452,0.1996900284856536,0.2005298322669269,0.19862153077873354
0X6FAB02B40464E30,A2C,0.2009606073843042,0.2008014354490596,0.19897478067481197,0.20029160980257843,0.1989715666892457
0X5A043A25D7DE2119,PSAX,0.20022104443624011,0.19914993388139848,0.19942189794272439,0.2019392120126217,0.19926791172701544
0X1F8D2F8CEE622FC2,PSAX,0.19991666539702083,0.1997562753866872,0.1995628900261284,0.201510606283933,0.19925356290623056
0X3C3C930EC09E4FA0,A2C,0.2010336455189462,0.20088448232595102,0.19961907142305993,0.19983572766207439,0.1986270730699685
0X687A5BC36E15FA4F,A3C,0.2007546390250123,0.20081632977081648,0.19990636014956512,0.1998391748393401,0.19868349621526593
0X2049B43FE38C7E52,A2C,0.20095999136101736,0.20054498233796164,0.19999927590382607,0.20001972126793033,0.19847602912926451
0X70702683D6C909DB,A2C,0.2007190403556672,0.20063093444265773,0.19951092664610243,0.20042969256364054,0.19870940599193215
0X2D34C7C038A1E3D2,PSAX,0.2002246335437417,0.2003298144378796,0.19943990071010073,0.20115180563262483,0.198853845675653
0X9CCD9D64D3CA005,A2C,0.2008067347402949,0.20018416109125994,0.19993812438156128,0.2004583141532957,0.1986126656335883
0X4C28BDBE546E6B12,A2C,0.2011033384702413,0.20011167216960773,0.19953920512178408,0.20031910190600505,0.19892668233236177
0X19B044F932C6BC6C,PSAX,0.20048873011970988,0.19980256942799215,0.1993873122782073,0.20119603215258167,0.1991253560215089
0X386924A6B430342A,PSAX,0.2009535956110827,0.19982295782015017,0.19912993926864114,0.20108646397757687,0.19900704332254923
0X7B4062501918819C,A2C,0.2008315123099555,0.2002464913184039,0.19984852997072688,0.20047682003603298,0.1985966463648807
0X2C12A8B71D39E8DA,PSAX,0.2006099135715,0.20003318351365013,0.19946372597179962,0.2010009505706059,0.19889222637244433
0XECF82DC9301EE77,A2C,0.200755368646183,0.20044362266892227,0.19986892533361453,0.20005947407601737,0.19887260927526287
0X349290B231655FCF,PSAX,0.20031273630613755,0.19971816726263278,0.1998804477663825,0.20123296665414844,0.19885568201069873
0X559CBA3607FC7673,A2C,0.20095971528865,0.2005032537548169,0.19952257975216445,0.20031859546235162,0.1986958557420171
0X57638EDBA6862410,PSAX,0.19976725641480586,0.19893187050225167,0.19964996468192994,0.20189302261977451,0.19975788578123796
0X21494E0B4F352AA,A2C,0.20079386778369468,0.2004556729306717,0.19966970433336645,0.20037513808258411,0.19870561686968297
0X589E6E8F092EF3D2,PSAX,0.20008148297988104,0.20019074107160015,0.19918947864092057,0.2016591732299301,0.19887912407766806
0X246B8C7FCA4D818D,A2C,0.20100930283556842,0.2005671425698801,0.1994735926917821,0.20021117788674664,0.1987387840160228
0X6F3232FD37FD13C5,A2C,0.20092426740101887,0.20064862197424807,0.19933318818646417,0.20033980911023686,0.198754113328032
0X4E38E030A745C3A7,A2C,0.20094750530990263,0.20016660859169805,0.199792562173654,0.20041885154196307,0.1986744723827823
0X5EB091B7ACE3715E,A2C,0.2009587881659676,0.20025103406477743,0.19991970254628622,0.19996848722834318,0.1989019879946257
0XF6661AF354401A5,PSAX,0.2004381050339074,0.1998692578916171,0.199125128464796,0.20130169726729658,0.19926581134238303
0X2DAE446A22A6038,PSAX,0.20043237454690133,0.20011729229075992,0.1994412886261547,0.20093431242743084,0.19907473210875326
0X344A1BA4E101C1A3,PSAX,0.20076535652222247,0.199800816794805,0.19925864663199402,0.20092161066101127,0.1992535693899671
0X63800FF8C04208F7,A2C,0.20129247637855643,0.20094607553821295,0.19943403901980597,0.1998116718938819,0.1985157371695427
0X339EDBDA0782AA12,PSAX,0.19991399030647417,0.19988935590296997,0.19969917154227015,0.20119803832532357,0.19929944392296212
0X628BD140F1FC1557,PSAX,0.20038485592389832,0.20015479392128313,0.19963773594072207,0.20090218743417793,0.19892042677991856
0X370587577A29EA9,PSAX,0.2006321537169805,0.19976931138596776,0.1990381290836229,0.20095563147129303,0.19960477434213578
0X5C41AF3F25757D5B,A2C,0.2014578379596961,0.20125618051392738,0.19936649029264936,0.19912658582831744,0.19879290540540978
0X29044407543B4ED0,PSAX,0.20047157768669974,0.20014321253636527,0.1996585692704736,0.20073499086970148,0.19899164963675994
0X3A8F6D088C91167E,PSAX,0.2000987139178021,0.20010788584701747,0.19981405956601245,0.20130075190659766,0.1986785887625703
0X35A78A31D8EC3E08,A2C,0.20099249901426383,0.20039933741887866,0.20005718633475827,0.19993642329697967,0.19861455393511968
0X3327607103BF5410,PSAX,0.20011698467488,0.19959419190414127,0.20034948410402081,0.200994018276098,0.1989453210408599
0X5251B40D3A1CD1D6,A2C,0.20115328053658293,0.20114994144124917,0.20008649094620912,0.1990023315343336,0.19860795554162528
0X6F7BF22A07F61BC8,A2C,0.2010274299562331,0.2002301072428945,0.1993975100211933,0.20052447360824413,0.198820479171435
0X1999533C6100442C,PSAX,0.2003067813282721,0.19985033173554725,0.19881274699215712,0.20128581779989846,0.1997443221441251
0X7A66617547DFC6A9,PSAX,0.20045807124246223,0.2002002837705317,0.19931553112744077,0.2011543751425621,0.19887173871700314
0X2D9E50E6BDB7CF9,PSAX,0.20083144841029804,0.20044724951132895,0.19911271885529483,0.20100338823974012,0.1986051949833381
0X79E68FC6793DC38D,PSAX,0.2004588365584331,0.20025544570581078,0.19991557194474194,0.20045129434999678,0.19891885144101742
0X292971284482F563,A2C,0.20075652416295509,0.20055433148617774,0.1995690123195209,0.20049599862206338,0.19862413340928292
0XBA57FE6C733F574,PSAX,0.2005720199938072,0.20009705424364468,0.19943864030397834,0.20094324381544543,0.19894904164312438
0X1A3D565B371DC573,A3C,0.20141531734822657,0.2015091184941891,0.19931513251051647,0.19876260454456646,0.19899782710250155
0X3395476F5A327AEC,PSAX,0.20051552841961442,0.1997376467597316,0.19887299111371518,0.20160212767193972,0.199271706034999
0X6311A3EA62D07100,A2C,0.20101706072330752,0.2008792662253346,0.2000832467168471,0.19980185957676372,0.19821856675774704
0X2EAF0F81176431E0,PSAX,0.2005950740466789,0.2004937990376134,0.19956260018554534,0.20064499523058008,0.19870353149958234
0X460698918BEA659B,A2C,0.2007817737957579,0.20038937156517578,0.19901189841913708,0.2007736031334275,0.19904335308650178
0X1F9860EB836A4AD5,PSAX,0.20061285654726804,0.20019471910725053,0.19959852545121612,0.2008378964808346,0.1987560024134307
0X79E1F33063F55D0,PSAX,0.20002524195947405,0.199156189648011,0.19856164194620565,0.20241311524334782,0.19984381120296138
0X6F8676CBA5E2571A,PSAX,0.2008913861023039,0.20015951191530645,0.19904787798053997,0.20094722291403952,0.19895400108781022
0X2851818C006989E0,PSAX,0.20064835653726545,0.20006142750261546,0.19971518694376622,0.20062761970756174,0.19894740930879112
