HashedFileName,view_pred,prob_A2C,prob_A3C,prob_A4C,prob_PSAX,prob_PLAX
0X7AB576A97C6EA767,PSAX,0.19956117402252765,0.2004271611801069,0.19948219349530782,0.20220418124291945,0.19832529005913832
0XCDE6D0BA7AA43D1D,PSAX,0.19949232934613145,0.19993664859930396,0.19938470324040153,0.20269488513240624,0.19849143368175676
0X4E89A73E396E9E11,PSAX,0.19927272251723582,0.20003588042277187,0.1996940314883798,0.202549423949228,0.19844794162238447
0XFE57C82BE4BCBF58,PSAX,0.19900959409194924,0.20036672363323887,0.1997200523559632,0.20229546400966322,0.19860816590918542
0XCBC51F77E1E07A7F,PSAX,0.19955166257053775,0.2003553147105667,0.1996235105586688,0.20196578679119756,0.19850372536902913
0X9DD7B9F208444684,PSAX,0.19938636854714195,0.20049085234975134,0.19963358550982224,0.20205076018345128,0.1984384334098332
0X14EAC404C1B680A5,PSAX,0.1992321062314489,0.20047984580832232,0.19984976243422828,0.2020389725529132,0.1983993129730875
0XF69CCB802D203F29,PSAX,0.19962454741436392,0.2006232015527459,0.1996114356426263,0.20173815303169196,0.1984026623585719
0X40449968696190DB,PSAX,0.19951959988729984,0.20059642007789208,0.19952093480186547,0.20197441080204376,0.1983886344308988
0X7203144876A856C2,PSAX,0.19965262877451134,0.20017257985019055,0.19941259096494146,0.20241248774606962,0.19834971266428703
0XE98FAA5427F7B6BD,PSAX,0.19930268799112572,0.20042009027661922,0.19940246399363198,0.20206003705972558,0.19881472067889747
0XC85D753ADABA970B,PSAX,0.19957072559954725,0.20026809229652232,0.19943649019405574,0.20219717279082014,0.19852751911905459
0XFB18999CA4E69AE5,PSAX,0.1991728514065512,0.20018476275121355,0.19965126398575667,0.2027623961594618,0.19822872569701683
0X96AEA67A1FC393F2,PSAX,0.1996437909596948,0.20043026981408835,0.19932914343153868,0.20210970675422116,0.19848708904045698
0XAEAF7CBBC3FC7318,PSAX,0.1994886104636641,0.20002910823682654,0.19951877881056557,0.20261746609237735,0.19834603639656645
0XB4397F2791F90ADC,PSAX,0.19956810010707132,0.20027408211833433,0.19952114641208177,0.20221164199537825,0.19842502936713435
0X23649780520179B3,PSAX,0.19927563987393726,0.20037490014740927,0.19951801612462805,0.20231623305832613,0.19851521079569934
0X2E3A67083D97690,PSAX,0.19961047459472028,0.2005509844862041,0.1998435320400247,0.20164377021586116,0.1983512386631897
0XDAAC8643CB9D1F05,PSAX,0.19937051409697942,0.20052607725688182,0.19975634313655294,0.2018387628958049,0.19850830261378094
0X174E6302A0DA1AD0,PSAX,0.1991012868957548,0.1999828207435923,0.19962533786921974,0.20285098733644263,0.19843956715499056
0X5BDFEDC71E6DE5F0,PSAX,0.19918899455471417,0.20010834435485517,0.19958635633487196,0.20250625620134027,0.1986100485542184
0X6B26AC8FAA8C8582,PSAX,0.19968277852645083,0.2004362077034549,0.19948481816044022,0.20193285799101904,0.19846333761863505
0XBD328A756340439D,PSAX,0.1993094005744783,0.20030802128682734,0.19933601599723816,0.20248419225692577,0.1985623698845303
0XAD7BADAB3ADB0789,PSAX,0.1996833658067402,0.20058522745193477,0.19940942572839127,0.2017664348609634,0.19855554615197032
0XD5DA739AEC79E0C,PSAX,0.1992475316337687,0.19995905088070262,0.1992337410150606,0.20286425446237696,0.19869542200809104
0XF8320B95B7CDD741,PSAX,0.19909941364315986,0.20046370042257808,0.19964943576963307,0.2022919479896987,0.19849550217493037
0X4445C05B3D5E446A,PSAX,0.19924875639626635,0.1999445153611623,0.1997015466007894,0.20257049666720042,0.1985346849745815
0XF9EBBDB9DFFE1F27,PSAX,0.19974049093601004,0.20058939009436894,0.19949265406777822,0.20189775474053853,0.19827971016130433
0X207AA493B957DD13,PSAX,0.19954503104991628,0.20032849690446594,0.19961135006268413,0.2020040318244036,0.19851109015853008
0XE952C2E8A5A54C88,PSAX,0.1989801412702914,0.2001424453331996,0.19957929667557006,0.20262903406991659,0.19866908265102223
0XBAAA7AC47C2DADF,PSAX,0.19922359637793313,0.20008196481691545,0.1995820074173107,0.20277234803848962,0.19834008334935113
0XB20DEBB5BFE765A,PSAX,0.19932656058512016,0.20024176813983488,0.19947809227181082,0.20257084401330283,0.19838273498993117
0XA483E46AD915ABAB,PSAX,0.1996627452051592,0.20028015472613972,0.19955347197248763,0.20227480469747341,0.19822882339874015
0X89508DBD2A0AA968,PSAX,0.1995774681225623,0.20045753177580078,0.19993346204595905,0.20178758361588792,0.1982439544397901
0X4405E582D1B76F3D,PSAX,0.19961892890873872,0.20020396907709395,0.19930916744421717,0.2023798479725936,0.19848808659735653
0XAA85AB83996EAB94,PSAX,0.19936647388492615,0.2004372795957887,0.19929401458574064,0.20226820677761737,0.1986340251559272
0X4E7DEFF12129AC9,PSAX,0.19926149095230006,0.20040504121785463,0.1998168706682597,0.20197045699601596,0.19854614016556965
0XC93A045A9011F5,PSAX,0.19947164226561198,0.2005343558531896,0.19947449575075282,0.20204112297945406,0.19847838315099148
0X8DDEABCC20BD337B,PSAX,0.19901259110688502,0.1999024151979852,0.1993734389288094,0.20289494126697194,0.19881661349934845
0X3D56E0DEBB900153,PSAX,0.19914720137120037,0.2001955166331631,0.19980894056179443,0.20234820875194465,0.19850013268189734
0X4292C1E31A16FD04,PSAX,0.19939238866051015,0.20088059822154342,0.1997519338155558,0.20159048429101312,0.1983845950113775
0X7B08E43C2675BFE7,PSAX,0.19935524237363395,0.20058433304074014,0.19988125442748939,0.20195458779132214,0.1982245823668144
0X735806DF6F007E9B,PSAX,0.1995716767875556,0.20017145307662446,0.19939183698344418,0.20236931946479642,0.19849571368757926
0XDA24C28BBC2F0CF0,PSAX,0.19985303864491527,0.20061138793925498,0.19960967539395094,0.20148564935504146,0.19844024866683732
0X668FFD80070409C7,PSAX,0.19932042039983583,0.20063032873976894,0.19951986172955502,0.20190144311828898,0.19862794601255132
0X9C7F7DEEB9ED3BF8,PSAX,0.19928949953449676,0.20028421828700038,0.19943481564160304,0.20233211618970554,0.19865935034719434
0X3B2EE199FA9D2B26,PSAX,0.1998167911868531,0.20043098253285319,0.19964085067004603,0.20185020325489977,0.1982611723553478
0X76B86A2C47A7370F,PSAX,0.1995451945989169,0.20048288745386159,0.19935973723554198,0.2021889723731657,0.1984232083385138
0XF8998B44AD059161,PSAX,0.19950586803314083,0.2003805308995344,0.19945632834840768,0.20213999181305384,0.19851728090586335
0XFBC004DD86D57751,PSAX,0.1995231997610531,0.20007893921429515,0.19943585353810192,0.20240496903093108,0.19855703845561876
0X32F2B4169D867F93,PSAX,0.19967704944961537,0.20070864994168855,0.19963393431988902,0.20165980009226156,0.19832056619654564
0X11DC34A935DD4B81,PSAX,0.19922236378469577,0.20044847864728066,0.19990445867643544,0.20195677629038056,0.1984679226012076
0X25E209499BC20C95,PSAX,0.19950306772511658,0.20055042023136735,0.19980059588324314,0.20194283039092437,0.19820308576934856
0X3752463B298F3D5D,PSAX,0.19924608685566594,0.20019180646793813,0.19958651169924194,0.20248820657516917,0.19848738840198474
0X651C96AEBA7351B0,PSAX,0.19932336475490894,0.2004061016889313,0.19942776908535031,0.2022803067920036,0.19856245767880573
0XB50312F14B319C05,PSAX,0.19922455462751262,0.2005786517975282,0.19980338642345785,0.20200090175464183,0.19839250539685946
0XBE147A766F84A5E8,PSAX,0.1994676597058686,0.2003429282635299,0.199223952318337,0.20219930142034376,0.19876615829192065
0X32A28C166F42D327,PSAX,0.1999256445552116,0.20028218790765387,0.19942548342774374,0.20178026791853007,0.19858641619086073
0X1DABEE02EA6A304C,PSAX,0.19978546995276114,0.2001441253515735,0.19938313035544217,0.2020223767121688,0.19866489762805445
0XECE960CEACFD52CA,PSAX,0.19962594081402588,0.20055985296844375,0.19933065686184823,0.201985163014903,0.19849838634077902
0X2B9E04281D184078,PSAX,0.19883946582992337,0.2002244304760097,0.1995524181430067,0.202565151782843,0.19881853376821712
0X5B1C65CAD438A5AD,PSAX,0.19917190968054999,0.20020953110491335,0.1992018253178308,0.2025543098354038,0.19886242406130208
0X673DE05068530264,PSAX,0.19938903128857324,0.20030927151797445,0.19955644735316336,0.2021127293882443,0.19863252045204466
0XB74800ABC52A48C0,PSAX,0.19928952572373232,0.2003798599270459,0.19956071693839786,0.20226737621834967,0.19850252119247427
0X3D1A94B1B6222639,PSAX,0.19916343188685615,0.2006907999346971,0.19985590586449575,0.20199417026594757,0.19829569204800349
0XC4B16E4384C980E7,PSAX,0.19876436541978287,0.20034953097873584,0.20003712452830955,0.20232219905415072,0.1985267800190211
0X3578F84EAD6D1C3F,PSAX,0.1997110802012451,0.20042073367841076,0.19956338304367252,0.20194462630080368,0.19836017677586795
0X1A6FD309827B193D,PSAX,0.19940686178983447,0.20054110977610742,0.1995850020862792,0.20207825719794362,0.19838876914983525
0XDB8826BC9AC41401,PSAX,0.19920602978548216,0.20033609940479907,0.19962094805399425,0.2024577094953814,0.19837921326034308
0X17236745EA3DD77C,PSAX,0.19906303845746096,0.2000181240153547,0.19969331656233022,0.20276641967635345,0.19845910128850064
0X8DCA4F1EE31DA5C9,PSAX,0.19920301096593362,0.20021139997752188,0.19960448145818652,0.20243750363111004,0.19854360396724793
0X152A181416DB4200,PSAX,0.19900228950026885,0.20013242901047357,0.20000323088777555,0.20274388982382813,0.19811816077765382
0XEE8DAB035A704D12,PSAX,0.19922797141850374,0.20036056592193324,0.1994385743834679,0.20258753417351794,0.19838535410257724
0XD38631CEBB3B2D3,PSAX,0.19957672980904367,0.20031632912858924,0.1996258145287314,0.20209694995567662,0.19838417657795923
0X32AF2B1DBE14C743,PSAX,0.19954789951398805,0.2001753369160247,0.19958032216825494,0.20223239727675912,0.19846404412497307
0X63EBE996F5EBCCA3,PSAX,0.19955864971531065,0.20039989873027,0.19960903277404593,0.20198936997035713,0.19844304881001623
0XCA8F86AAF03E2733,PSAX,0.19952395315205365,0.20042978676771867,0.19911316478266208,0.20236307232565276,0.19857002297191287
0X71AB0E0DFB07ED48,PSAX,0.19906192313179,0.20010412103600017,0.1995651156024997,0.20262166208302054,0.1986471781466896
0X6ADC5C3E51061EC3,PSAX,0.1994817042937021,0.20047486707333717,0.19976128318074723,0.2020444380725182,0.19823770737969537
0X9805C4B314B50079,PSAX,0.19938268265983097,0.20053695072210886,0.19936539496544944,0.20211157347195874,0.19860339818065198
0XBDA130499195BD40,PSAX,0.19940211812656433,0.20028510927231766,0.1994493231806954,0.20203962278197538,0.19882382663844733
0XB519B114ED0BED26,PSAX,0.19925390201264762,0.20070121120033152,0.19944523151063942,0.20186452927068893,0.19873512600569238
0X7B79D49E42C1F2DA,PSAX,0.1995166208064061,0.20033385733517542,0.19945295462443907,0.202274702178806,0.19842186505517345
0XA46207282968BFA3,PSAX,0.19936304847303166,0.2002040099098961,0.1994036269816662,0.20260721026232933,0.1984221043730768
0X1503C8C4E009F012,PSAX,0.19914537163829923,0.2001453088669237,0.19991621003250698,0.20263572564652568,0.19815738381574455
0X7A0D220B407FD1E1,PSAX,0.19930680975866863,0.20013546145184108,0.1994499361973122,0.20237669401842348,0.1987310985737546
0X68243B641CB5C9DC,PSAX,0.19916849572930706,0.20030233999240604,0.19975413565234776,0.20240950369768707,0.198365524928252
0X39B4EEE1C28381E3,PSAX,0.1992509892369728,0.20029934941151728,0.19961909581025677,0.2023311295885431,0.19849943595271
0XC5B2C09EA37E8B10,PSAX,0.19943749561165797,0.2004608476411038,0.19952537772183146,0.20209770081810366,0.19847857820730305
0X2AB453941406DFB1,PSAX,0.19978348571664098,0.20038816851678848,0.19946082179597108,0.2018322365249036,0.19853528744569587
0XC4C3C62340D47EC1,PSAX,0.1994110577875572,0.20027145448246142,0.1994804236397542,0.2022243023400423,0.19861276175018494
0X68085BD82F97BDE6,PSAX,0.19942917991233527,0.19998025607165817,0.19963906146757587,0.202479836674067,0.19847166587436374
0X4488EA4FF2BC7D2D,PSAX,0.19966512686742843,0.20022398263276928,0.19947061405604113,0.2022340532464003,0.19840622319736076
0X2129821D16571274,PSAX,0.19945894038144832,0.20035595793866198,0.19959883297838768,0.2022550418730991,0.19833122682840296
0XB26043C24BA64B6D,PSAX,0.19926343516842754,0.2006636388948012,0.19962415776449052,0.20180304786364772,0.19864572030863298
0X363D435840318DED,PSAX,0.19964690973186594,0.2005714842859609,0.1995616176938553,0.20184410866798438,0.19837587962033346
0XFB7488C9BCAF1665,PSAX,0.1993083378065132,0.2002426648177147,0.1994291434607569,0.2024445620207807,0.19857529189423453
0X90D048FE5C81ACBB,PSAX,0.19944061881734973,0.20039697249036145,0.19939596809483187,0.2021085060980544,0.19865793449940267
0X394F6BC3F67CB1AB,PSAX,0.1993273437234584,0.20020810336141182,0.1994143541865101,0.2024094365373653,0.19864076219125434
0X9E4CC3F6EE24CE18,PSAX,0.19930064715103532,0.20022399705930724,0.1995972309951668,0.20250548488958914,0.19837263990490156
0XF27D6CCAB5482705,PSAX,0.19945159281335118,0.20047991045263427,0.1994158272743317,0.20218243906053757,0.1984702303991453
0XA15F3E221070425B,PSAX,0.19943749705851507,0.1999352304058275,0.19925598776479822,0.20280730491874815,0.19856397985211102
0X68DCD21F7A3656AF,PSAX,0.19924088220150135,0.20063717231843,0.19948374231568775,0.2019957327372869,0.198642470427094
0XA5A803536998FAAD,PSAX,0.199589014414361,0.20029010703427302,0.1993436497617292,0.20249511484203406,0.19828211394760287
0X1DCA3FCAC16781AF,PSAX,0.19927841691733222,0.2004212251092482,0.1991632700142163,0.20222037838856075,0.1989167095706426
0X255302254E6285CB,PSAX,0.19920528415624972,0.2005152814123956,0.1998112270674051,0.20178799420473145,0.1986802131592183
0XBF96A63D8AD79603,PSAX,0.19907992904521865,0.2003138651291601,0.19944217391327826,0.20231297188295566,0.19885106002938738
0X42CF2F5C7E086818,PSAX,0.19973525357041774,0.20047636044927455,0.19960405729298572,0.20200467340686257,0.19817965528045933
0X52FEC6B10DCE2DC8,PSAX,0.19898144190583228,0.20034076172881013,0.19949763246443872,0.20268934562058588,0.19849081828033308
0X8E531F07B9421056,PSAX,0.1995066650076284,0.20031903696075007,0.19932866591669227,0.20228137017643658,0.19856426193849275
0X8B3D6F3392EBCAD2,PSAX,0.1992232849581702,0.20008424295129104,0.1997141001374106,0.20256561705348303,0.19841275489964508
0X8DCA5EBAD15430E9,PSAX,0.1994990296482734,0.20027715187629602,0.19929188188408506,0.20246799352003134,0.19846394307131413
0XF73A0B7281EA1499,PSAX,0.19937162565276195,0.19977306683847432,0.19929306759766943,0.20292888037978762,0.19863335953130648
0X7DF9092683A9A9AB,PSAX,0.19843986229144597,0.2004620342300664,0.19946956218523845,0.20219575233350248,0.19943278895974673
0X13C122D57F51BA63,PSAX,0.19972201436174697,0.20053449821686714,0.1995795908144347,0.20174976002768616,0.19841413657926485
0X307E17F59FE1DA6B,PSAX,0.19931231081630135,0.20053144897523795,0.19934462390077917,0.20226258165236574,0.19854903465531584
0X2A234713FF178B17,PSAX,0.19976109958535354,0.20022789520684117,0.1993258521213033,0.20222018959243712,0.19846496349406506
0X70A69AA4F94B55AB,PSAX,0.19910432010088516,0.2004744776048884,0.19947509837481214,0.20227921490660236,0.198666889012812
0XE8047F67CEFB63E8,PSAX,0.1994066219396817,0.20003298320896257,0.19969049649071532,0.20253589076714937,0.19833400759349112
0X2FF41EA2AED03F6D,PSAX,0.19957927247503862,0.20062556912342866,0.19953140930823562,0.20168334951585226,0.19858039957744472
0X6B607BD533E82B1C,PSAX,0.1994283405624405,0.2005737121242475,0.19962851456311173,0.20194264550647892,0.19842678724372131
0X7CC7B8879CA79DE1,PSAX,0.199283022791035,0.2004051525205929,0.1998401777549722,0.20228182643226628,0.19818982050113348
0X6BF3CCFC3EC808A1,PSAX,0.19955725233249125,0.2001288317766948,0.19952055510658134,0.20221368830503195,0.19857967247920064
0X8D908F6C05AA3035,PSAX,0.19938207875367386,0.20022723483221863,0.19941169612538712,0.20240469666746833,0.19857429362125206
0X6744C906F9DBAFBB,PSAX,0.19964241186130985,0.20042940196933567,0.19970279368761856,0.20190023459008793,0.19832515789164792
0X34FFBD4B63376933,PSAX,0.19921041743677645,0.2001071313606912,0.19914226123297218,0.20271179175705084,0.19882839821250933
0XB161EF284D30932F,PSAX,0.19945220323410096,0.20061713621033625,0.19955402259240454,0.2019972558293537,0.19837938213380446
0XEC64A6A6B21EE72,PSAX,0.19944692264479214,0.20031029176959653,0.1993092956517105,0.20243967664292079,0.19849381329098006
0X62B9B14D2256146C,PSAX,0.19924026692254876,0.2002084908019966,0.19958952664652582,0.20234861585596092,0.19861309977296798
0X2CC70884167B45C3,PSAX,0.1995401005632778,0.20026480683597941,0.19969567485871811,0.2022401937256118,0.19825922401641285
0XABBEA1AF0CBA5935,PSAX,0.19960024922584993,0.2003837198787951,0.19972563645914612,0.2020531047983874,0.19823728963782153
0X7960E01D1A5945C4,PSAX,0.19942693913220153,0.20053158790903136,0.19972480910384602,0.20194901125140072,0.19836765260352052
0X851541CB75877CA0,PSAX,0.19950348062140047,0.20024445558339318,0.19942197623380073,0.20215120904645895,0.1986788785149467
0X7436BD6FC38FFC98,PSAX,0.19949436392376715,0.20020541616356985,0.19966790518965724,0.20221720175150912,0.19841511297149664
0X3EC79B37463CD42A,PSAX,0.1994813224844789,0.2004613336884655,0.1995111091916266,0.2020125680051524,0.1985336666302765
0X3C6648DA2AFD1A35,PSAX,0.19933815668035784,0.20049245676654637,0.19964655306063345,0.2022020670013201,0.19832076649114222
0X856B96EA5E56EEED,PSAX,0.1991235526750713,0.20030770347569382,0.1995804360066824,0.20254651566641257,0.19844179217613991
0XEAC269E6C6AC0806,PSAX,0.19965977530855294,0.19985665551224913,0.19941398788627196,0.20273885739381797,0.19833072389910789
0X906A95E67756B9D8,PSAX,0.19949629446167214,0.20056381355599986,0.1994848052048298,0.20189215179404638,0.19856293498345198
0X41824BEF4AE3A895,PSAX,0.1993507057999652,0.2007990412865293,0.19945838785820227,0.2017278271786883,0.19866403787661502
0X8B82F7E6430CFC0A,PSAX,0.19949751266432936,0.20037486493300358,0.19947200517378458,0.20219020226907589,0.19846541495980669
0X318570AB6D4301E0,PSAX,0.19948179010040823,0.20054464740244474,0.19945787174399698,0.2019985598626063,0.19851713089054365
0X3C595FC909A1236D,PSAX,0.19939137001086815,0.20030752582650238,0.19967331860707427,0.20214846095047245,0.19847932460508286
0XA91D88071EED9F88,PSAX,0.19934488338713388,0.20038812977008436,0.19959508257223535,0.2022652952942317,0.19840660897631462
0X21FEF380FF09683E,PSAX,0.1991464876384755,0.19985839058323823,0.19965994075222054,0.2026954212666856,0.19863975975938014
0XE46F81C9A2A9588,PSAX,0.1998012841051718,0.2004201553486577,0.19980566669635647,0.20185911771752954,0.19811377613228445
0XFC25F68F28A2FB6A,PSAX,0.19947620841646105,0.20050805903341928,0.19952209607893914,0.20196005705501063,0.19853357941616998
0X4DE783D783CCAEC7,PSAX,0.19965789008283968,0.20062896856433096,0.19946978364834356,0.20194337795613868,0.1982999797483472
0XC4A786023F27DF3A,PSAX,0.19958138072206505,0.20030161650928596,0.19940201352696732,0.202018696400204,0.19869629284147783
0XA1CA8A8D1848ACDC,PSAX,0.19921279431608147,0.20023194997463384,0.19952194219434513,0.2022317037751483,0.19880160973979139
0XC7F4C903B069D3D5,PSAX,0.1993449536868837,0.20044497265913758,0.19959204197173688,0.20206926915515872,0.1985487625270832
0XFB176F7E72A65EE,PSAX,0.19904152077485238,0.20039428431004225,0.19967369448440822,0.2021481938539225,0.19874230657677477
0X4E29E53275F82761,PSAX,0.19910836980442434,0.2002745713262721,0.19970266789136953,0.20231995571816788,0.19859443525976614
0XD55A2C96AA54BFC3,PSAX,0.19955332924182978,0.20049227625906144,0.1995646826792021,0.2019059677930813,0.19848374402682536
0XE6FAA4446EA78466,PSAX,0.19912935515120675,0.20040360332336296,0.1992044231367767,0.20237298904175463,0.19888962934689897
0X2106A968D5B74DA2,PSAX,0.19928940194308967,0.20045823497946363,0.19967875162796583,0.2020967682999755,0.19847684314950537
0XBC362FE83F711CAD,PSAX,0.19928806789080308,0.20030302700243413,0.19918377824963424,0.202262768097585,0.19896235875954346
0X490DF5095C6F2CB5,PSAX,0.19942670705958754,0.20014445207631368,0.1993730990439729,0.20244877975922,0.19860696206090594
0XB9927683B40FAA0E,PSAX,0.1995259007578455,0.20020889766153582,0.19951776039099262,0.20245919153281292,0.19828824965681305
0XFB4BBF676DAA528A,PSAX,0.19939754235103932,0.20041484188899347,0.19942653796456114,0.20213746770352786,0.19862361009187807
0X439B473DD022F6D2,PSAX,0.1990339065021629,0.20026702613913486,0.19955811912043633,0.20261771050375668,0.19852323773450928
0X7DAF885C819D9DD8,PSAX,0.19938203186516135,0.2004480374836725,0.1994051566842985,0.20216227558708902,0.19860249837977853
0X972078C7E155BCC,PSAX,0.19952255357506296,0.20038241313467897,0.19963757501773083,0.20215398471494567,0.19830347355758166
0X7375DBB00DF80055,PSAX,0.19963748452439867,0.2004935670939262,0.19947217326286015,0.20197940102673478,0.1984173740920801
0X3268BFB0F3588685,PSAX,0.19959838797932888,0.20013970508979656,0.1994591852373288,0.20233653244017294,0.19846618925337287
0XF88A7FC8AD000D51,PSAX,0.19938210104032375,0.20025122904032974,0.19941591119817703,0.20232553290993285,0.1986252258112367
0X50AB718731A6F329,PSAX,0.19940236536807368,0.20020023731520423,0.19970135025993527,0.20221933222784158,0.19847671482894527
0XE2F901B6AE51029A,PSAX,0.19947808544961979,0.20037900203931025,0.19973058575423808,0.20212819359631398,0.19828413316051793
0X2317A6B8E5986F01,PSAX,0.19867710040228287,0.20006175991170858,0.19973472676090376,0.20305156693360388,0.19847484599150086
0XE71625D1243DC9AD,PSAX,0.19923164032715845,0.20043645896936413,0.1995207718638918,0.20231110172294856,0.19850002711663703
0XD72A835AD88F9393,PSAX,0.19932291857189952,0.20066963150726294,0.19977475800053773,0.20192833276398245,0.19830435915631728
0X48D9C8EB2F5E34CC,PSAX,0.19948376555057698,0.20052304749977384,0.19938413307213787,0.20215231133086484,0.19845674254664636
0X52BCE3923838E7AF,PSAX,0.1996780934290336,0.20055152103878138,0.19943749601383864,0.2017704788820873,0.19856241063625915
0X28AA47011DCF2262,PSAX,0.19929828444465508,0.20011817817210786,0.1992013567196611,0.20260518998263927,0.19877699068093668
0X3026F7F0930D0DD4,PSAX,0.19932502074879754,0.20046407844745653,0.199723653859296,0.2022498189643281,0.19823742798012198
0XC1CAC32009F43135,PSAX,0.19932763550393368,0.20022541411197423,0.1998063960552872,0.20237905497788686,0.19826149935091808
0XB9E5E4C7E4E0B640,PSAX,0.1993287622958241,0.2004636294629782,0.1997024522365217,0.2021317584407862,0.19837339756388978
0XE88C9B4A259370B8,PSAX,0.19936682708956743,0.19984779611772083,0.19955323664297697,0.20280219164485766,0.19842994850487716
0X53815435DB8498EE,PSAX,0.19957538622955678,0.20030446793715584,0.199647680081235,0.20210508175124497,0.19836738400080742
0X31EAE40AE84919BA,PSAX,0.19939881787722818,0.20037741453092242,0.1996033582440646,0.20201123244734046,0.19860917690044422
0X9FFFB2367800CC1D,PSAX,0.19962307586816552,0.2005189670852763,0.19961051446158734,0.20175303784740412,0.19849440473756672
0XDA3DEA4EEAD6175B,PSAX,0.1994412456457438,0.20014037276870444,0.19960031196732997,0.20270867468575604,0.19810939493246557
0XFF0C8CC4DD38E79D,PSAX,0.19965277632626013,0.2005098238044449,0.19949413193431487,0.2019151692014487,0.1984280987335314
0X681360C317A36A89,PSAX,0.19920152785338802,0.2001311939615049,0.19964381904914397,0.20264160500092965,0.19838185413503345
0XF80AC827AF49BAA3,PSAX,0.1991969704145234,0.20036162780606287,0.199299779088493,0.20250672120203608,0.19863490148888469
0XA4B0C7D451DB7332,PSAX,0.19976160688340774,0.2002292301591338,0.19934576650772529,0.2022079541664464,0.19845544228328688
0X3906169173665C89,PSAX,0.19933038872881237,0.20027486112328022,0.19976878360768524,0.20218090990835477,0.1984450566318675
0XA836692EB71E582B,PSAX,0.19956497094725345,0.20058200981885538,0.1988800010002441,0.2023844309684049,0.19858858726524214
0XC4ECFB1E2CEBF245,PSAX,0.19962722096778637,0.2004532739117904,0.199484005951616,0.20201571900140855,0.1984197801673986
0X8BA9599DD2C68C51,PSAX,0.19922063805042556,0.2001544525324072,0.19946417196547234,0.2023869979468326,0.19877373950486243
0X7D7D43742E6E9E1F,PSAX,0.19942668261554022,0.20014874906590785,0.1997341742568207,0.20227291726862348,0.1984174767931076
0X3CF335590DF08F3,PSAX,0.1992654173068964,0.20043737117729807,0.19971322784321852,0.2020229130178895,0.19856107065469758
0X5F42E48161955915,PSAX,0.19945916289169166,0.2002962557025546,0.1995897583316544,0.20230221046777885,0.19835261260632045
0X5931611B4C3C9EE7,PSAX,0.1994569864317618,0.20034139377207255,0.1991273574358479,0.20216482350630344,0.19890943885401444
0XC897B190F4182FB4,PSAX,0.19921050763473222,0.20048174993372705,0.19956011961167355,0.20212675221476467,0.1986208706051025
0XA08002B19ACDD88C,PSAX,0.19941467230049537,0.20045206494999795,0.19941921876289195,0.20226694732547784,0.19844709666113683
0XF00E43179EE87F6A,PSAX,0.1992717033123941,0.20036741870521413,0.199642704045294,0.20226688554595568,0.1984512883911421
0X79362B05BD5781AA,PSAX,0.19926542595694213,0.20016524787664425,0.19921263013529014,0.20253961707950752,0.1988170789516159
0X154DADD5B6C4E9E0,PSAX,0.1996994984694383,0.20042764480349046,0.19942850498162276,0.20194238770431425,0.19850196404113432
0X422E3015C93ED661,PSAX,0.19973126634631563,0.20035445267341923,0.19961385296971343,0.20198121197904575,0.19831921603150593
0X5A6E0E8958CB2CD6,PSAX,0.19912371143953606,0.20020471647090823,0.19965054059047618,0.20238849574578863,0.19863253575329087
0XE37FAC13BCD021D5,PSAX,0.19965369619053924,0.20033788880706987,0.1993375122209699,0.20218964772023357,0.19848125506118738
0X4526736BF9ADAA2C,PSAX,0.1996701282434712,0.20055329309361417,0.1997626909692654,0.20171487609954944,0.19829901159409988
0XF05BD7CE2F23CA64,PSAX,0.19958446781290565,0.20047495491299772,0.19936277520527548,0.2021877902531398,0.1983900118156813
0X654DCBF402A4E0B6,PSAX,0.19938364012384863,0.20031455015211955,0.19951608884007177,0.20220456072304036,0.19858116016091967
0X6EEDB2427DE1B20C,PSAX,0.19967801686388575,0.20060562905635068,0.19958719156595267,0.20174720382021327,0.1983819586935976
0X327C2BBDF3E27A6,PSAX,0.19906902771061966,0.20039643910017085,0.1998058821373315,0.20223418034511198,0.19849447070676599
0XCCBF2229867BC1D7,PSAX,0.19954220367390038,0.20038759657260993,0.19958817492216524,0.2020340992489992,0.19844792558232519
0XDCC0B88BC0689887,PSAX,0.19955425915993644,0.20037193649265445,0.19928585326890041,0.2019596992844471,0.19882825179406155
0XB67BDC6EDB75B1D3,PSAX,0.19913053682832307,0.20053204779944167,0.19953495049472644,0.20226016568435357,0.1985422991931552
0X52DABAE6591F312C,PSAX,0.1996664654204536,0.20008132603690804,0.19953316463655926,0.2023592914887266,0.1983597524173525
0X99E100B932563DBA,PSAX,0.19949438563281288,0.20038734034210995,0.19954019719549845,0.2021685863659633,0.19840949046361556
0X31F8B3D546E8C654,PSAX,0.19903582818937984,0.2003843995218094,0.19958902644970422,0.2023091859752409,0.19868155986386568
0XF8D61AF7DE6AC700,PSAX,0.1996121511459023,0.20017200700694893,0.19929090726032492,0.2023529901078087,0.1985719444790152
0XEA766D32F13153F1,PSAX,0.199300325305183,0.20021051961534142,0.19911708345423634,0.20266955495377917,0.19870251667146008
0XB786977B1A88DDF5,PSAX,0.1994181699462887,0.20040939482122844,0.19950535680842588,0.20213828104533393,0.198528797378723
0X740FE603028B963,PSAX,0.1996682478385042,0.20074065943361016,0.19978532703486762,0.20158145431972965,0.19822431137328825
0XF7072B8C70A12F19,PSAX,0.19938647844825425,0.2001935014589148,0.19961958966785046,0.20239170342853535,0.19840872699644513
0XF7FB333319F91106,PSAX,0.1993159504677355,0.2005758382961268,0.19956737422003987,0.2020880212788497,0.19845281573724818
0XB54D6FA54C605D89,PSAX,0.19951004326363875,0.20048534087858128,0.1997385159191868,0.20177430344159597,0.1984917964969971
0XD6F9AF4F79591D80,PSAX,0.1997936762368805,0.2004522138399367,0.19938885703501744,0.20192797398414433,0.1984372789040211
0X7355B362E74F80CD,PSAX,0.1991658870974786,0.20028771838186962,0.199604880892642,0.20244101581536142,0.19850049781264842
0XD1732AFA36FB634B,PSAX,0.19975309391528812,0.20068787306511607,0.19980915920543843,0.201484040267245,0.19826583354691238
0X166C0060A1B0B561,PSAX,0.19967718525104458,0.200460055790695,0.1997521323386314,0.20181040999316807,0.19830021662646088
0XD25B9ED410B669A9,PSAX,0.19913912834625658,0.20014301265951534,0.19966430537324487,0.20253400004963337,0.19851955357134993
0XD26C9C13512D868C,PSAX,0.19948487147082744,0.20026079288397197,0.19969904012905565,0.20219858273969873,0.19835671277644626
0XFBD68210008867E,PSAX,0.1997929706577627,0.2003057892928788,0.19973906179511372,0.20177143030218878,0.1983907479520561
0X8BBADB622C6919FC,PSAX,0.1997485929136984,0.2003144131731687,0.19945496726420595,0.20176170173088967,0.19872032491803734
0X65BD665C2AA32296,PSAX,0.19958448717310762,0.2002565895973785,0.19940999623179642,0.20228592247172134,0.1984630045259961
0X15B31529FE769C4F,PSAX,0.19917328358800543,0.20016159708777942,0.19943283035815346,0.20254606076917592,0.19868622819688575
0X7AC4517AD7A19ABD,PSAX,0.19946934361455756,0.2008072220291925,0.19956886998235132,0.2015997531012862,0.19855481127261246
0XF1652F740A660EDA,PSAX,0.1999014293351056,0.20052495535625162,0.19948162681237172,0.20188338466132383,0.19820860383494723
0XA58E633B8E87EBE0,PSAX,0.1995245960843044,0.20023866525253933,0.19940126046342524,0.20229235817063812,0.19854312002909288
0X2DB1F6F1F1151F47,PSAX,0.1994251692308453,0.20053299656083934,0.19908382107916778,0.2022488563166669,0.19870915681248075
0X895499BF8C460B19,PSAX,0.19882075752104997,0.199998783317684,0.19956668758390364,0.20295695633153138,0.1986568152458311
0X465AC3B4B65F8552,PSAX,0.19919061819428455,0.20032724214203784,0.1996501276310846,0.20231635560263686,0.19851565642995606
0X37F479B3782B0904,PSAX,0.19934214864162392,0.2002014395569698,0.19964533307213117,0.2024794902196027,0.19833158850967234
0X945116BD590E3B19,PSAX,0.1989838468613891,0.20009053151011527,0.19955999584769538,0.2026964165687396,0.19866920921206063
0X826EE2E294EA6DB2,PSAX,0.19945818262783918,0.2001925457460529,0.19920754652364656,0.20253601793336062,0.19860570716910078
0X3B1732A37DD94A69,PSAX,0.1994158231305729,0.200062976078099,0.19939831268887573,0.20242834962160736,0.19869453848084492
0XA899F30D4C9E4A49,PSAX,0.1998121633801217,0.2005404814510867,0.19963560817828743,0.20176841579651644,0.19824333119398782
0XC2237B398BDC2684,PSAX,0.19942235754049092,0.20032646124449674,0.19948271442672647,0.2022580479202436,0.19851041886804233
0X4AD2634C03288840,PSAX,0.19937862207607393,0.20018258855060825,0.1997054054574125,0.20241582784209872,0.19831755607380655
0X463AD1ADF049DFF6,PSAX,0.19940262369251624,0.19995017917042776,0.1995253238995498,0.2027745617133411,0.19834731152416513
0XE3AF49CC5DDD82C3,PSAX,0.19926497851379552,0.20006486752839373,0.19978626891677126,0.2024860452052859,0.19839783983575357
0X100EC1C77A847AA7,PSAX,0.19902246860183237,0.2005552853944825,0.19940530937998122,0.20218070175903013,0.19883623486467372
0X5113CD29E1F19E03,PSAX,0.1993568720561332,0.20023601666886368,0.19966740685068954,0.2022302692445992,0.19850943517971434
0XB86B3C67C9D83D5D,PSAX,0.19943686354249915,0.200183995425002,0.19945869885246648,0.20225351608399966,0.1986669260960327
0XFDA96125491BE35F,PSAX,0.19945818548835037,0.20056608863498818,0.19951694777329446,0.20198308766702652,0.1984756904363405
0XA85CDED96A293229,PSAX,0.19911613787071578,0.20040365253037404,0.19954018726384057,0.20219438643712748,0.19874563589794217
0X8408C56AC0E7851A,PSAX,0.1993539126359546,0.20047434443856565,0.1997066182134647,0.20198080813105865,0.1984843165809564
0X2F4A227AB39D92C,PSAX,0.19916193227002826,0.20054046480263152,0.19970763050870302,0.20205322412721288,0.1985367482914243
0X998AABD56D7845A3,PSAX,0.1995788703514838,0.20053179016104158,0.1995567037077005,0.2020356177398571,0.19829701803991698
0X4CB457CB169B9BF3,PSAX,0.19961690725657796,0.20027971180518525,0.1993900117320504,0.20207278893598804,0.1986405802701983
0X4A32AE0C92DFCE83,PSAX,0.19947064974601444,0.20062183066954298,0.1992856358323071,0.201975700413644,0.19864618333849146
0X935008D354EC3BFC,PSAX,0.19935134249851577,0.20029050309436028,0.1996789767764038,0.20212213456104536,0.19855704306967475
0XB64B7E25AAAF5567,PSAX,0.199430965461289,0.2005305954870243,0.19938844718118603,0.2020240972243261,0.19862589464617456
0XFC26150A0D420A3E,PSAX,0.19918590220800042,0.20049040930033482,0.19952461574240704,0.2021297357174056,0.19866933703185208
0X39FBF7B49A9777C4,PSAX,0.1997529874182071,0.2004020497833083,0.1995398015822723,0.20198252661953164,0.19832263459668067
0X587725088015574A,PSAX,0.19949845034898028,0.2006276585956601,0.19957828191222624,0.20191388349216285,0.19838172565097048
0XE0B76397CFEBFF8F,PSAX,0.19945125563854166,0.200259624062618,0.19948016691574932,0.20235581460150562,0.19845313878158538
0XFF484D31FAC10DFE,PSAX,0.19903514938527336,0.20036947065712715,0.199579346340945,0.20242403459331948,0.19859199902333488
0XA7C3765985F45E21,PSAX,0.19946985928330724,0.2002721583645864,0.19922700419606826,0.20218807835485927,0.19884289980117897
0X930BC6D09503251B,PSAX,0.19983679553312383,0.20022463384237119,0.1996445043414089,0.20198433913348166,0.19830972714961456
0X26466B3E37EF8E61,PSAX,0.1992005141320077,0.20045907187798084,0.1998330022430233,0.20203066568142855,0.1984767460655596
0X1278336999990DD9,PSAX,0.1994655829794373,0.20043088471169968,0.19935683354182135,0.20213715360532816,0.19860954516171359
0XCB82CCE0C5E729E4,PSAX,0.19959135771013223,0.2002303260475384,0.1991681522463301,0.2025282785994033,0.19848188539659603
0X3C6ECA26861EBD14,PSAX,0.19930852503907506,0.2001372345625211,0.1995782283628783,0.2024368698154996,0.19853914222002583
0XDFDD256921DC5FC0,PSAX,0.19927774940414938,0.2004453253213117,0.19974014450120928,0.20207782399065155,0.19845895678267803
0XB84710984813EEFF,PSAX,0.19933088272219368,0.20061702071547688,0.19943910981244364,0.20195700528509325,0.1986559814647926
0X23332228DCA5354A,PSAX,0.19941080671873196,0.20025790484925549,0.19962696027315513,0.20220731214735568,0.19849701601150177
0XCB7B91358100F6B1,PSAX,0.199460142389091,0.20062244311877014,0.19965721547997506,0.20189563752932282,0.19836456148284093
0XE3D58706610AE0A9,PSAX,0.19959650204933843,0.2004251247310888,0.19962252221874074,0.2019935688479213,0.19836228215291077
0X18E5850E76AFA7F0,PSAX,0.1990431022306841,0.2001070124718596,0.19984612374552466,0.202693273441742,0.19831048811018978
0X967F41BAF9502275,PSAX,0.19955035231297819,0.20051526351979937,0.1996460218680915,0.20197906332854726,0.19830929897058358
0X27235494A7AFE8EF,PSAX,0.19958524483843457,0.20048194912987785,0.1995930548515414,0.20184904708826368,0.1984907040918824
0XB6C8A03925C552B,PSAX,0.19933915791813367,0.20015440294628475,0.1995434646276881,0.20243025632057615,0.19853271818731746
0X967EB247ED05E7B8,PSAX,0.1996361022874703,0.20042885252772916,0.19988475774626074,0.20198587913120344,0.1980644083073365
0XBF48CA5583C75D03,PSAX,0.1993034510795373,0.20075841040855827,0.19972706903401505,0.20166126900782108,0.19854980047006826
0XDEEAB12E2F8F0514,PSAX,0.19960133331078075,0.2003362861698295,0.19958360434570838,0.20222545918765172,0.19825331698602972
0X7D8208DCF7643708,PSAX,0.19856732370465718,0.20027046452348318,0.19929023123722783,0.20295935998959475,0.19891262054503703
0X6D736124208F90A5,PSAX,0.19952144704474994,0.20006130936614797,0.19943454141593367,0.20254726733524311,0.19843543483792522
0XCA5EB9B7705AB14F,PSAX,0.19960052721478358,0.20025596334411663,0.19938600963120423,0.20214919545971002,0.19860830435018545
0X3CF7D2113553251C,PSAX,0.1993136288890372,0.20055687317068735,0.19961071688333004,0.20204628631153237,0.19847249474541304
0X11EBDF123F139B67,PSAX,0.19966230228542053,0.20054310460162944,0.1996901044911239,0.2019069730679688,0.19819751555385728
0XCE16E1D54F6B7875,PSAX,0.19963655222636537,0.20025590989251577,0.1994599381981661,0.20224491780824896,0.19840268187470378
0XA24E5C584B404E39,PSAX,0.19940456035818402,0.20026680309250292,0.19935739857560192,0.2024053165512888,0.19856592142242235
0XB33ACA354B745C9,PSAX,0.1992201215634649,0.20042089845812083,0.19925736330216878,0.20222980614978084,0.1988718105264646
0X8B973DF1F47859CF,PSAX,0.19954944840787167,0.20034572655321115,0.19984502669369328,0.2019343227860629,0.19832547555916108
0X70D4471049A219DB,PSAX,0.19945987200387708,0.20043704493596531,0.1996259316072236,0.20195777829249276,0.1985193731604411
0X5CE1393479AC6A8A,PSAX,0.19969406197446238,0.20053962908602083,0.19955873851179584,0.20181880570745267,0.1983887647202682
0X24CD279840D0BE10,PSAX,0.1995507052102054,0.20026838619719764,0.1992938915724455,0.2023333582496113,0.19855365877054013
0XCED8842526E91B84,PSAX,0.19939903619143845,0.2002753794016193,0.19935507504973196,0.20265706435341252,0.19831344500379774
0X70FE4F98B25D6CCB,PSAX,0.19949318933101826,0.20054436881056756,0.19954365695947984,0.2019229136605598,0.1984958712383744
0X863B0D57E6C2110A,PSAX,0.1992467309313853,0.20033142179730465,0.19965797336781502,0.20219806177984456,0.19856581212365038
0X8FCE5F0AB064AE81,PSAX,0.19937685043922496,0.20048829606413687,0.1994440467464342,0.2022235279988804,0.1984672787513234
0XE526C7C0C0034C61,PSAX,0.19939978460555793,0.20020531015566506,0.1994220913146941,0.20238163487411853,0.19859117904996457
0X76303FFA7F6C122,PSAX,0.19934963313513987,0.20051200101145578,0.19982045459982983,0.20181859478898498,0.1984993164645894
0X6A57FCDB3D606B9B,PSAX,0.19997505423456954,0.20047767212166226,0.19935815747918728,0.20168082956207792,0.19850828660250291
0X67E43A4C698F141D,PSAX,0.19946586329098803,0.2002410573108525,0.1993119322262198,0.2021721097145876,0.19880903745735218
0X691F45BDB5990C0B,PSAX,0.1991784251757267,0.2003540321531158,0.19954142610542863,0.2023678026531473,0.19855831391258147
0XB041FA73518D722C,PSAX,0.19944054824141602,0.20036703934971253,0.1996639934523761,0.20219182630601784,0.19833659265047754
0XB40B08D1642CEEE,PSAX,0.1993924976040336,0.2004262775759,0.19969749940285003,0.20189130501237992,0.19859242040483643
0XF54F103BEDD171BC,PSAX,0.1994244884496554,0.2000193187744214,0.19938923583375226,0.20268555404225896,0.19848140289991206
0X680573F07CF6EEDB,PSAX,0.199114418835476,0.2002902180790199,0.19950358421782458,0.20241365870196476,0.1986781201657147
0X97AEE13E3EAA002D,PSAX,0.19915236670563866,0.20007595684012128,0.1996618035503638,0.20288998319589377,0.19821988970798243
0XE9ACA82B722D7120,PSAX,0.1994511966801742,0.2003306557599705,0.19954098481640678,0.2021214271053134,0.1985557356381352
0XAD4672061228311F,PSAX,0.19942969816626285,0.2002271901666758,0.19953219583129675,0.20224792513729511,0.19856299069846942
0XAB4B29B0FB1373C0,PSAX,0.19906084509239672,0.20056727269330943,0.19976054975747712,0.2020453190327498,0.19856601342406688
0X62BC6F619AFFCFB4,PSAX,0.1992699900949318,0.20022187368817831,0.19983422236879061,0.20219346862084778,0.19848044522725142
0X7B95135A45E0E444,PSAX,0.19933311980856114,0.20070157400285196,0.1995795748391283,0.20180851669043623,0.1985772146590225
0XBAF1890240F02022,PSAX,0.19942878880360845,0.20038169968767752,0.19951432137023384,0.20208007887466273,0.19859511126381743
0X73395548C327CE2F,PSAX,0.1994911386967864,0.20008680586704417,0.19958591738355158,0.20257090125637042,0.1982652367962475
0X1EBD469B8F2553A1,PSAX,0.19947468024258977,0.20065982476711727,0.1996764628409531,0.20177836532916316,0.1984106668201766
0XA1428E923FFDC90C,PSAX,0.19964487172221976,0.20047686176344132,0.19966078233752077,0.2018389413187238,0.19837854285809423
0XD7F446D668F492BB,PSAX,0.19951113999397854,0.20039954702812313,0.19949900479071755,0.2021713363652615,0.19841897182191928
0X8FAC4D596AD870E0,PSAX,0.19969938350281202,0.20007450167142374,0.19938630027607726,0.20242745682025273,0.19841235772943425
0XB7C8E44A6E2878F6,PSAX,0.19962015684631068,0.20029028123340414,0.19943419890136907,0.20216400868665999,0.19849135433225606
0XF2DF2CB92063A370,PSAX,0.19937138011823527,0.2003642981622784,0.19951593834833825,0.20224483271836255,0.19850355065278558
0XA64432B2897105D2,PSAX,0.1997318124397844,0.20027236930508238,0.1994757198688812,0.20224900916085584,0.19827108922539607
0X63EBABE9730703C8,PSAX,0.19938870813409415,0.20036328123820651,0.19980640066898625,0.20212547004929834,0.19831613990941477
0X26F2997A93C6C3F9,PSAX,0.1994430299234768,0.20030827158325307,0.19938892134136738,0.2022745111015937,0.1985852660503091
0X9948D43536FDE393,PSAX,0.19922744733447928,0.19998013590418498,0.19945193177973064,0.20261069101581394,0.19872979396579118
0X921FB76B619F01C2,PSAX,0.19947000251653205,0.200389774387313,0.1994650417516706,0.2023136839364108,0.1983614974080736
0X6F4E75B4CF63263F,PSAX,0.19939677225821814,0.20061621180642333,0.19941212229266542,0.20200666461135314,0.19856822903133997
0X2C4EC4005C186498,PSAX,0.19925963775910754,0.20006756942410733,0.19958397476840112,0.2026375368946411,0.19845128115374278
